0	0
1	0
2	0
3	0
4	0
5	0
6	0
7	0
8	0
9	0
10	0
11	0
12	0
13	0
14	0
15	0
16	0
17	0
18	0
19	0
20	0
21	0
22	0
23	0
24	0
25	0
26	0
27	0
28	0
29	0
30	0
31	0
32	0
33	0
34	0
35	0
36	0
37	0
38	0
39	0
40	0
41	0
42	0
43	2
44	6
45	11
46	7
47	9
48	5
49	8
50	11
51	12
52	6
53	5
54	6
55	14
56	8
57	10
58	8
59	7
60	12
61	10
62	5
63	9
64	7
65	10
66	5
67	9
68	7
69	11
70	12
71	7
72	4
73	8
74	4
75	6
76	4
77	7
78	3
79	11
80	9
81	7
82	10
83	8
84	8
85	10
86	16
87	13
88	12
89	12
90	6
91	8
92	5
93	11
94	7
95	7
96	12
97	12
98	11
99	7
100	14
101	6
102	10
103	9
104	2
105	7
106	11
107	13
108	11
109	6
110	14
111	7
112	11
113	12
114	13
115	12
116	9
117	9
118	8
119	11
120	12
121	7
122	6
123	13
124	10
125	7
126	5
127	16
128	7
129	9
130	6
131	9
132	7
133	6
134	10
135	3
136	10
137	15
138	10
139	9
140	6
141	9
142	9
143	12
144	7
145	7
146	13
147	14
148	9
149	6
150	9
151	9
152	9
153	17
154	11
155	8
156	9
157	16
158	10
159	9
160	10
161	5
162	4
163	14
164	14
165	14
166	7
167	4
168	11
169	6
170	9
171	8
172	10
173	6
174	9
175	10
176	7
177	9
178	9
179	11
180	14
181	7
182	9
183	9
184	7
185	11
186	7
187	12
188	11
189	11
190	11
191	12
192	9
193	18
194	8
195	9
196	10
197	16
198	10
199	10
200	17
201	13
202	19
203	10
204	9
205	15
206	12
207	17
208	13
209	13
210	10
211	6
212	15
213	7
214	11
215	13
216	5
217	10
218	6
219	11
220	8
221	9
222	9
223	7
224	11
225	10
226	6
227	6
228	11
229	15
230	10
231	14
232	10
233	13
234	18
235	12
236	6
237	10
238	14
239	14
240	6
241	9
242	12
243	6
244	8
245	14
246	11
247	11
248	14
249	8
250	10
251	6
252	14
253	9
254	8
255	13
256	10
257	13
258	12
259	5
260	6
261	11
262	7
263	10
264	7
265	13
266	5
267	8
268	7
269	15
270	6
271	10
272	10
273	15
274	5
275	5
276	9
277	5
278	11
279	12
280	7
281	13
282	5
283	16
284	10
285	13
286	10
287	11
288	9
289	13
290	17
291	14
292	6
293	9
294	14
295	7
296	10
297	5
298	13
299	7
300	13
301	13
302	9
303	7
304	5
305	10
306	5
307	10
308	9
309	4
310	9
311	14
312	8
313	9
314	10
315	7
316	8
317	14
318	8
319	10
320	16
321	15
322	6
323	10
324	6
325	12
326	21
327	7
328	6
329	10
330	9
331	9
332	13
333	12
334	13
335	5
336	7
337	15
338	4
339	6
340	11
341	9
342	13
343	9
344	14
345	6
346	11
347	12
348	11
349	3
350	8
351	11
352	5
353	10
354	12
355	10
356	8
357	9
358	11
359	9
360	12
361	14
362	5
363	10
364	6
365	11
366	11
367	8
368	16
369	14
370	7
371	7
372	12
373	17
374	14
375	12
376	9
377	12
378	9
379	13
380	7
381	9
382	12
383	13
384	9
385	16
386	11
387	17
388	13
389	7
390	11
391	7
392	7
393	13
394	10
395	9
396	11
397	10
398	8
399	7
400	10
401	9
402	14
403	6
404	12
405	12
406	11
407	7
408	11
409	10
410	11
411	5
412	7
413	3
414	10
415	7
416	15
417	14
418	12
419	13
420	7
421	9
422	13
423	8
424	13
425	10
426	14
427	11
428	10
429	7
430	10
431	11
432	7
433	8
434	11
435	8
436	8
437	9
438	9
439	11
440	8
441	10
442	8
443	9
444	11
445	13
446	15
447	10
448	8
449	12
450	11
451	9
452	12
453	13
454	11
455	10
456	10
457	8
458	17
459	9
460	10
461	7
462	13
463	6
464	14
465	6
466	6
467	13
468	13
469	13
470	5
471	6
472	11
473	18
474	10
475	9
476	7
477	14
478	3
479	9
480	9
481	8
482	5
483	17
484	12
485	11
486	16
487	10
488	11
489	8
490	10
491	7
492	19
493	11
494	14
495	10
496	10
497	11
498	8
499	7
500	13
501	11
502	8
503	10
504	7
505	10
506	9
507	12
508	14
509	8
510	6
511	11
512	13
513	5
514	15
515	8
516	10
517	13
518	9
519	10
520	12
521	13
522	15
523	11
524	10
525	15
526	12
527	13
528	13
529	23
530	7
531	9
532	9
533	10
534	7
535	14
536	14
537	9
538	10
539	11
540	15
541	15
542	9
543	10
544	12
545	15
546	13
547	19
548	8
549	11
550	9
551	16
552	11
553	12
554	13
555	10
556	13
557	8
558	10
559	14
560	11
561	15
562	15
563	12
564	8
565	10
566	14
567	8
568	11
569	10
570	11
571	13
572	10
573	17
574	10
575	11
576	7
577	9
578	10
579	18
580	9
581	6
582	15
583	10
584	9
585	12
586	13
587	14
588	10
589	8
590	13
591	5
592	8
593	15
594	16
595	9
596	11
597	12
598	12
599	18
600	11
601	8
602	11
603	11
604	10
605	10
606	9
607	15
608	9
609	12
610	8
611	13
612	12
613	12
614	15
615	16
616	8
617	11
618	15
619	13
620	11
621	13
622	18
623	10
624	15
625	12
626	9
627	11
628	16
629	14
630	14
631	10
632	17
633	8
634	10
635	16
636	24
637	10
638	8
639	11
640	10
641	15
642	14
643	14
644	16
645	12
646	13
647	9
648	10
649	9
650	13
651	21
652	15
653	14
654	10
655	13
656	9
657	20
658	16
659	7
660	11
661	16
662	6
663	16
664	15
665	14
666	11
667	13
668	15
669	18
670	13
671	13
672	10
673	12
674	15
675	8
676	12
677	11
678	19
679	16
680	19
681	14
682	10
683	13
684	11
685	11
686	17
687	15
688	15
689	10
690	16
691	17
692	16
693	10
694	14
695	12
696	9
697	11
698	19
699	7
700	19
701	13
702	10
703	21
704	14
705	14
706	18
707	11
708	19
709	17
710	9
711	11
712	18
713	18
714	17
715	19
716	19
717	23
718	16
719	19
720	21
721	22
722	13
723	9
724	10
725	15
726	10
727	10
728	15
729	18
730	15
731	13
732	13
733	23
734	19
735	8
736	16
737	12
738	20
739	17
740	17
741	18
742	18
743	19
744	15
745	17
746	19
747	19
748	10
749	16
750	18
751	14
752	16
753	16
754	20
755	25
756	17
757	12
758	15
759	19
760	15
761	18
762	12
763	15
764	10
765	12
766	16
767	20
768	20
769	19
770	20
771	15
772	7
773	11
774	27
775	18
776	16
777	19
778	17
779	15
780	20
781	21
782	15
783	10
784	26
785	13
786	17
787	16
788	16
789	13
790	24
791	16
792	18
793	17
794	20
795	19
796	15
797	20
798	25
799	18
800	17
801	19
802	21
803	10
804	24
805	17
806	20
807	16
808	16
809	17
810	23
811	12
812	22
813	14
814	15
815	25
816	10
817	18
818	15
819	21
820	9
821	15
822	9
823	16
824	14
825	16
826	14
827	15
828	14
829	16
830	14
831	26
832	12
833	17
834	10
835	15
836	15
837	14
838	15
839	12
840	12
841	21
842	21
843	12
844	16
845	11
846	16
847	14
848	18
849	19
850	13
851	14
852	15
853	15
854	27
855	17
856	9
857	16
858	27
859	24
860	16
861	19
862	16
863	21
864	26
865	11
866	24
867	17
868	18
869	22
870	20
871	14
872	21
873	19
874	16
875	22
876	18
877	21
878	17
879	15
880	12
881	15
882	21
883	19
884	11
885	13
886	19
887	19
888	18
889	23
890	17
891	23
892	21
893	17
894	21
895	24
896	14
897	21
898	23
899	21
900	14
901	18
902	17
903	17
904	19
905	19
906	25
907	27
908	12
909	14
910	17
911	15
912	11
913	20
914	14
915	24
916	21
917	21
918	19
919	28
920	20
921	19
922	22
923	14
924	20
925	23
926	14
927	17
928	20
929	25
930	15
931	24
932	23
933	15
934	8
935	16
936	20
937	21
938	19
939	34
940	18
941	18
942	22
943	16
944	22
945	23
946	24
947	14
948	14
949	21
950	18
951	17
952	19
953	14
954	17
955	13
956	22
957	32
958	17
959	14
960	23
961	11
962	14
963	13
964	14
965	20
966	22
967	16
968	18
969	17
970	9
971	14
972	12
973	18
974	16
975	24
976	21
977	17
978	27
979	24
980	26
981	16
982	15
983	22
984	21
985	31
986	21
987	19
988	18
989	16
990	18
991	23
992	13
993	16
994	19
995	24
996	15
997	16
998	18
999	23
1000	28
1001	20
1002	20
1003	14
1004	26
1005	21
1006	29
1007	19
1008	18
1009	17
1010	19
1011	13
1012	17
1013	28
1014	25
1015	21
1016	16
1017	23
1018	17
1019	20
1020	20
1021	17
1022	18
1023	20
1024	16
1025	28
1026	22
1027	15
1028	15
1029	12
1030	19
1031	23
1032	14
1033	16
1034	15
1035	19
1036	23
1037	29
1038	20
1039	19
1040	23
1041	24
1042	20
1043	15
1044	21
1045	24
1046	24
1047	30
1048	15
1049	19
1050	20
1051	22
1052	29
1053	24
1054	16
1055	25
1056	26
1057	16
1058	19
1059	17
1060	28
1061	13
1062	20
1063	18
1064	25
1065	13
1066	22
1067	12
1068	20
1069	27
1070	12
1071	19
1072	20
1073	16
1074	22
1075	19
1076	19
1077	14
1078	21
1079	17
1080	25
1081	22
1082	18
1083	22
1084	25
1085	17
1086	22
1087	12
1088	18
1089	18
1090	21
1091	15
1092	21
1093	26
1094	24
1095	16
1096	21
1097	17
1098	16
1099	17
1100	16
1101	18
1102	27
1103	25
1104	15
1105	17
1106	19
1107	18
1108	17
1109	14
1110	21
1111	19
1112	25
1113	25
1114	20
1115	18
1116	13
1117	18
1118	29
1119	16
1120	19
1121	31
1122	29
1123	20
1124	20
1125	22
1126	14
1127	22
1128	20
1129	20
1130	16
1131	16
1132	17
1133	12
1134	27
1135	14
1136	19
1137	26
1138	22
1139	16
1140	23
1141	18
1142	18
1143	27
1144	27
1145	23
1146	22
1147	30
1148	18
1149	17
1150	25
1151	17
1152	25
1153	9
1154	22
1155	23
1156	20
1157	18
1158	21
1159	24
1160	18
1161	21
1162	18
1163	17
1164	15
1165	16
1166	16
1167	22
1168	22
1169	29
1170	18
1171	29
1172	19
1173	25
1174	15
1175	22
1176	22
1177	27
1178	15
1179	22
1180	22
1181	19
1182	20
1183	20
1184	19
1185	25
1186	16
1187	26
1188	30
1189	14
1190	16
1191	19
1192	10
1193	17
1194	14
1195	23
1196	19
1197	18
1198	19
1199	26
1200	16
1201	26
1202	16
1203	23
1204	14
1205	18
1206	18
1207	15
1208	15
1209	16
1210	23
1211	25
1212	9
1213	19
1214	16
1215	14
1216	17
1217	17
1218	18
1219	9
1220	24
1221	15
1222	19
1223	10
1224	22
1225	24
1226	17
1227	26
1228	10
1229	19
1230	26
1231	14
1232	29
1233	15
1234	18
1235	13
1236	20
1237	24
1238	13
1239	13
1240	22
1241	12
1242	20
1243	28
1244	29
1245	17
1246	22
1247	15
1248	16
1249	23
1250	25
1251	22
1252	24
1253	28
1254	26
1255	22
1256	17
1257	12
1258	13
1259	22
1260	19
1261	18
1262	21
1263	19
1264	13
1265	23
1266	13
1267	19
1268	15
1269	23
1270	22
1271	16
1272	18
1273	21
1274	21
1275	26
1276	19
1277	8
1278	24
1279	19
1280	16
1281	23
1282	14
1283	15
1284	25
1285	15
1286	22
1287	22
1288	15
1289	19
1290	15
1291	21
1292	27
1293	26
1294	19
1295	18
1296	20
1297	19
1298	16
1299	22
1300	24
1301	26
1302	18
1303	18
1304	13
1305	12
1306	13
1307	20
1308	24
1309	15
1310	16
1311	16
1312	18
1313	12
1314	14
1315	16
1316	20
1317	17
1318	29
1319	19
1320	17
1321	17
1322	24
1323	20
1324	18
1325	14
1326	21
1327	23
1328	19
1329	27
1330	15
1331	17
1332	21
1333	19
1334	18
1335	27
1336	21
1337	24
1338	18
1339	18
1340	14
1341	16
1342	19
1343	18
1344	20
1345	21
1346	15
1347	26
1348	15
1349	17
1350	21
1351	17
1352	24
1353	13
1354	23
1355	19
1356	20
1357	20
1358	18
1359	17
1360	17
1361	28
1362	31
1363	19
1364	15
1365	20
1366	17
1367	24
1368	27
1369	12
1370	20
1371	22
1372	23
1373	17
1374	21
1375	25
1376	17
1377	26
1378	17
1379	17
1380	10
1381	17
1382	18
1383	20
1384	23
1385	22
1386	28
1387	25
1388	18
1389	22
1390	22
1391	19
1392	23
1393	22
1394	16
1395	14
1396	12
1397	17
1398	12
1399	12
1400	15
1401	20
1402	21
1403	15
1404	23
1405	27
1406	12
1407	17
1408	19
1409	16
1410	26
1411	13
1412	21
1413	20
1414	29
1415	20
1416	16
1417	24
1418	17
1419	19
1420	18
1421	21
1422	19
1423	27
1424	24
1425	20
1426	17
1427	21
1428	18
1429	20
1430	25
1431	12
1432	21
1433	15
1434	19
1435	18
1436	16
1437	19
1438	20
1439	14
1440	21
1441	18
1442	19
1443	15
1444	19
1445	22
1446	18
1447	18
1448	19
1449	15
1450	18
1451	12
1452	12
1453	11
1454	13
1455	19
1456	22
1457	19
1458	23
1459	24
1460	16
1461	23
1462	21
1463	20
1464	19
1465	17
1466	23
1467	16
1468	17
1469	12
1470	15
1471	16
1472	25
1473	14
1474	19
1475	23
1476	19
1477	19
1478	16
1479	23
1480	17
1481	20
1482	19
1483	17
1484	16
1485	12
1486	10
1487	22
1488	16
1489	23
1490	20
1491	22
1492	24
1493	19
1494	27
1495	18
1496	28
1497	19
1498	19
1499	20
1500	23
1501	23
1502	22
1503	19
1504	11
1505	28
1506	27
1507	22
1508	20
1509	22
1510	17
1511	16
1512	16
1513	18
1514	15
1515	25
1516	18
1517	22
1518	19
1519	24
1520	20
1521	21
1522	24
1523	12
1524	18
1525	25
1526	8
1527	18
1528	11
1529	23
1530	14
1531	18
1532	14
1533	17
1534	19
1535	18
1536	17
1537	19
1538	14
1539	15
1540	18
1541	14
1542	17
1543	14
1544	24
1545	17
1546	19
1547	24
1548	14
1549	19
1550	26
1551	20
1552	22
1553	30
1554	25
1555	26
1556	24
1557	17
1558	13
1559	21
1560	24
1561	21
1562	20
1563	13
1564	24
1565	24
1566	15
1567	18
1568	21
1569	11
1570	20
1571	14
1572	13
1573	23
1574	24
1575	16
1576	18
1577	14
1578	18
1579	19
1580	12
1581	20
1582	18
1583	17
1584	14
1585	25
1586	20
1587	17
1588	15
1589	14
1590	25
1591	14
1592	20
1593	23
1594	18
1595	25
1596	22
1597	31
1598	19
1599	19
1600	23
1601	24
1602	25
1603	26
1604	19
1605	12
1606	27
1607	13
1608	27
1609	20
1610	22
1611	15
1612	22
1613	22
1614	18
1615	20
1616	19
1617	18
1618	24
1619	14
1620	17
1621	25
1622	18
1623	23
1624	15
1625	18
1626	17
1627	12
1628	15
1629	20
1630	15
1631	14
1632	19
1633	10
1634	22
1635	17
1636	24
1637	25
1638	18
1639	20
1640	18
1641	17
1642	12
1643	17
1644	17
1645	17
1646	24
1647	12
1648	17
1649	21
1650	11
1651	25
1652	26
1653	20
1654	17
1655	20
1656	19
1657	9
1658	12
1659	21
1660	21
1661	19
1662	15
1663	20
1664	24
1665	11
1666	19
1667	16
1668	24
1669	20
1670	19
1671	18
1672	18
1673	11
1674	19
1675	20
1676	16
1677	15
1678	17
1679	13
1680	16
1681	22
1682	28
1683	26
1684	18
1685	16
1686	12
1687	22
1688	14
1689	16
1690	15
1691	22
1692	11
1693	12
1694	14
1695	25
1696	14
1697	19
1698	17
1699	13
1700	12
1701	21
1702	16
1703	19
1704	23
1705	14
1706	16
1707	21
1708	23
1709	15
1710	25
1711	19
1712	15
1713	20
1714	22
1715	11
1716	21
1717	18
1718	20
1719	16
1720	22
1721	15
1722	13
1723	24
1724	18
1725	16
1726	23
1727	19
1728	20
1729	14
1730	16
1731	21
1732	20
1733	15
1734	22
1735	15
1736	18
1737	14
1738	16
1739	19
1740	26
1741	20
1742	16
1743	16
1744	21
1745	24
1746	12
1747	24
1748	22
1749	12
1750	27
1751	22
1752	14
1753	24
1754	17
1755	20
1756	14
1757	20
1758	9
1759	20
1760	18
1761	17
1762	17
1763	17
1764	23
1765	16
1766	7
1767	18
1768	13
1769	15
1770	12
1771	23
1772	13
1773	20
1774	17
1775	17
1776	19
1777	18
1778	20
1779	19
1780	17
1781	21
1782	20
1783	9
1784	17
1785	16
1786	22
1787	18
1788	15
1789	15
1790	17
1791	13
1792	14
1793	16
1794	19
1795	14
1796	20
1797	18
1798	16
1799	14
1800	18
1801	19
1802	17
1803	18
1804	15
1805	19
1806	12
1807	10
1808	16
1809	12
1810	16
1811	16
1812	17
1813	16
1814	21
1815	18
1816	25
1817	12
1818	22
1819	29
1820	21
1821	27
1822	11
1823	18
1824	7
1825	13
1826	16
1827	17
1828	17
1829	14
1830	16
1831	21
1832	16
1833	15
1834	16
1835	20
1836	19
1837	21
1838	12
1839	15
1840	13
1841	19
1842	25
1843	10
1844	10
1845	13
1846	14
1847	27
1848	14
1849	22
1850	21
1851	20
1852	21
1853	18
1854	17
1855	19
1856	14
1857	14
1858	12
1859	18
1860	14
1861	13
1862	25
1863	9
1864	17
1865	19
1866	17
1867	19
1868	21
1869	27
1870	13
1871	14
1872	14
1873	18
1874	16
1875	19
1876	23
1877	21
1878	17
1879	20
1880	13
1881	18
1882	17
1883	20
1884	26
1885	12
1886	17
1887	15
1888	13
1889	12
1890	17
1891	13
1892	7
1893	20
1894	10
1895	15
1896	10
1897	16
1898	19
1899	12
1900	21
1901	18
1902	21
1903	12
1904	15
1905	18
1906	19
1907	15
1908	19
1909	28
1910	20
1911	14
1912	31
1913	15
1914	22
1915	21
1916	16
1917	14
1918	16
1919	22
1920	12
1921	21
1922	19
1923	13
1924	18
1925	22
1926	17
1927	20
1928	9
1929	19
1930	18
1931	13
1932	13
1933	14
1934	19
1935	19
1936	20
1937	14
1938	22
1939	18
1940	18
1941	19
1942	21
1943	14
1944	16
1945	19
1946	15
1947	18
1948	19
1949	16
1950	19
1951	13
1952	13
1953	16
1954	11
1955	19
1956	12
1957	19
1958	18
1959	22
1960	22
1961	28
1962	18
1963	18
1964	24
1965	16
1966	22
1967	15
1968	17
1969	12
1970	21
1971	19
1972	14
1973	16
1974	21
1975	29
1976	17
1977	16
1978	21
1979	15
1980	24
1981	18
1982	22
1983	19
1984	11
1985	17
1986	12
1987	17
1988	24
1989	14
1990	21
1991	17
1992	16
1993	23
1994	14
1995	19
1996	14
1997	13
1998	14
1999	16
2000	24
2001	15
2002	21
2003	18
2004	19
2005	19
2006	30
2007	19
2008	16
2009	18
2010	12
2011	13
2012	19
2013	20
2014	19
2015	17
2016	17
2017	18
2018	9
2019	9
2020	21
2021	17
2022	17
2023	15
2024	16
2025	12
2026	12
2027	24
2028	19
2029	14
2030	15
2031	12
2032	11
2033	11
2034	14
2035	16
2036	12
2037	24
2038	22
2039	14
2040	23
2041	15
2042	17
2043	17
2044	20
2045	20
2046	8
2047	15
2048	13
2049	18
2050	14
2051	18
2052	18
2053	23
2054	8
2055	21
2056	10
2057	17
2058	14
2059	17
2060	15
2061	21
2062	16
2063	24
2064	14
2065	18
2066	11
2067	11
2068	12
2069	15
2070	19
2071	15
2072	20
2073	12
2074	16
2075	17
2076	21
2077	17
2078	14
2079	14
2080	9
2081	18
2082	23
2083	14
2084	15
2085	17
2086	16
2087	18
2088	20
2089	12
2090	23
2091	15
2092	18
2093	23
2094	16
2095	11
2096	12
2097	16
2098	11
2099	15
2100	18
2101	15
2102	12
2103	17
2104	17
2105	17
2106	15
2107	22
2108	22
2109	22
2110	13
2111	16
2112	23
2113	17
2114	14
2115	10
2116	24
2117	20
2118	17
2119	14
2120	12
2121	20
2122	20
2123	11
2124	18
2125	11
2126	10
2127	17
2128	21
2129	16
2130	11
2131	12
2132	20
2133	19
2134	19
2135	16
2136	12
2137	22
2138	16
2139	15
2140	12
2141	19
2142	16
2143	14
2144	17
2145	16
2146	22
2147	15
2148	15
2149	12
2150	20
2151	16
2152	18
2153	24
2154	13
2155	12
2156	19
2157	16
2158	19
2159	21
2160	26
2161	16
2162	15
2163	10
2164	21
2165	14
2166	12
2167	13
2168	18
2169	10
2170	14
2171	15
2172	22
2173	13
2174	11
2175	15
2176	15
2177	16
2178	17
2179	16
2180	12
2181	10
2182	19
2183	16
2184	15
2185	11
2186	13
2187	12
2188	22
2189	12
2190	20
2191	17
2192	19
2193	19
2194	14
2195	16
2196	10
2197	14
2198	14
2199	16
2200	8
2201	17
2202	11
2203	17
2204	13
2205	17
2206	14
2207	21
2208	18
2209	19
2210	14
2211	17
2212	14
2213	11
2214	10
2215	18
2216	17
2217	16
2218	16
2219	12
2220	13
2221	19
2222	13
2223	8
2224	20
2225	17
2226	17
2227	14
2228	18
2229	10
2230	19
2231	25
2232	12
2233	20
2234	19
2235	13
2236	10
2237	22
2238	24
2239	19
2240	13
2241	15
2242	12
2243	16
2244	19
2245	15
2246	13
2247	15
2248	13
2249	13
2250	18
2251	19
2252	7
2253	14
2254	17
2255	12
2256	12
2257	20
2258	14
2259	12
2260	19
2261	19
2262	20
2263	23
2264	16
2265	19
2266	20
2267	15
2268	14
2269	19
2270	20
2271	14
2272	16
2273	18
2274	18
2275	17
2276	17
2277	19
2278	17
2279	12
2280	22
2281	14
2282	17
2283	22
2284	21
2285	14
2286	22
2287	11
2288	11
2289	18
2290	26
2291	18
2292	21
2293	13
2294	14
2295	15
2296	17
2297	19
2298	25
2299	14
2300	23
2301	21
2302	11
2303	18
2304	20
2305	17
2306	11
2307	15
2308	18
2309	21
2310	12
2311	11
2312	17
2313	11
2314	22
2315	19
2316	18
2317	14
2318	21
2319	21
2320	16
2321	14
2322	15
2323	19
2324	13
2325	15
2326	19
2327	21
2328	15
2329	17
2330	23
2331	22
2332	26
2333	17
2334	24
2335	20
2336	16
2337	18
2338	17
2339	17
2340	18
2341	26
2342	15
2343	19
2344	16
2345	23
2346	18
2347	15
2348	17
2349	19
2350	16
2351	14
2352	21
2353	14
2354	28
2355	22
2356	24
2357	17
2358	19
2359	15
2360	21
2361	18
2362	16
2363	14
2364	19
2365	11
2366	26
2367	12
2368	23
2369	16
2370	10
2371	18
2372	17
2373	16
2374	14
2375	10
2376	21
2377	21
2378	15
2379	21
2380	17
2381	11
2382	18
2383	24
2384	25
2385	24
2386	14
2387	18
2388	17
2389	23
2390	18
2391	19
2392	16
2393	14
2394	21
2395	12
2396	13
2397	21
2398	17
2399	14
2400	17
2401	23
2402	14
2403	25
2404	17
2405	14
2406	20
2407	25
2408	15
2409	20
2410	17
2411	19
2412	31
2413	14
2414	20
2415	22
2416	26
2417	20
2418	14
2419	21
2420	24
2421	14
2422	15
2423	18
2424	22
2425	13
2426	28
2427	13
2428	16
2429	17
2430	12
2431	13
2432	14
2433	16
2434	23
2435	22
2436	21
2437	24
2438	17
2439	22
2440	19
2441	20
2442	17
2443	19
2444	15
2445	24
2446	23
2447	27
2448	20
2449	28
2450	22
2451	17
2452	23
2453	20
2454	30
2455	13
2456	24
2457	19
2458	30
2459	15
2460	16
2461	24
2462	19
2463	18
2464	17
2465	16
2466	9
2467	26
2468	15
2469	21
2470	15
2471	16
2472	20
2473	19
2474	13
2475	28
2476	15
2477	20
2478	22
2479	12
2480	23
2481	16
2482	19
2483	18
2484	14
2485	15
2486	22
2487	25
2488	12
2489	14
2490	14
2491	15
2492	13
2493	16
2494	20
2495	13
2496	14
2497	19
2498	12
2499	15
2500	13
2501	18
2502	17
2503	14
2504	19
2505	20
2506	21
2507	16
2508	11
2509	25
2510	18
2511	12
2512	23
2513	16
2514	26
2515	17
2516	21
2517	17
2518	20
2519	22
2520	15
2521	18
2522	14
2523	14
2524	8
2525	20
2526	15
2527	13
2528	24
2529	14
2530	18
2531	17
2532	19
2533	26
2534	21
2535	22
2536	20
2537	17
2538	12
2539	17
2540	21
2541	24
2542	18
2543	21
2544	23
2545	19
2546	15
2547	20
2548	12
2549	20
2550	17
2551	11
2552	14
2553	26
2554	17
2555	16
2556	16
2557	18
2558	23
2559	16
2560	20
2561	27
2562	16
2563	11
2564	18
2565	23
2566	17
2567	14
2568	23
2569	14
2570	15
2571	23
2572	22
2573	10
2574	18
2575	17
2576	17
2577	14
2578	14
2579	20
2580	15
2581	17
2582	19
2583	16
2584	14
2585	19
2586	18
2587	20
2588	20
2589	18
2590	17
2591	20
2592	18
2593	8
2594	12
2595	28
2596	11
2597	15
2598	24
2599	15
2600	18
2601	14
2602	12
2603	20
2604	16
2605	21
2606	26
2607	20
2608	16
2609	10
2610	13
2611	12
2612	30
2613	23
2614	10
2615	14
2616	20
2617	19
2618	15
2619	17
2620	15
2621	20
2622	16
2623	12
2624	15
2625	12
2626	19
2627	18
2628	10
2629	16
2630	22
2631	22
2632	18
2633	26
2634	11
2635	17
2636	12
2637	15
2638	16
2639	21
2640	13
2641	19
2642	12
2643	23
2644	21
2645	27
2646	14
2647	16
2648	12
2649	14
2650	18
2651	18
2652	17
2653	13
2654	18
2655	21
2656	17
2657	18
2658	19
2659	23
2660	14
2661	11
2662	17
2663	17
2664	23
2665	13
2666	22
2667	17
2668	16
2669	18
2670	12
2671	13
2672	16
2673	13
2674	15
2675	13
2676	18
2677	20
2678	18
2679	13
2680	10
2681	16
2682	17
2683	14
2684	14
2685	17
2686	17
2687	10
2688	11
2689	21
2690	26
2691	19
2692	18
2693	14
2694	21
2695	18
2696	13
2697	22
2698	18
2699	16
2700	21
2701	15
2702	10
2703	23
2704	18
2705	25
2706	13
2707	17
2708	14
2709	22
2710	18
2711	20
2712	18
2713	18
2714	22
2715	17
2716	15
2717	13
2718	24
2719	11
2720	24
2721	17
2722	22
2723	16
2724	16
2725	24
2726	12
2727	10
2728	11
2729	22
2730	16
2731	16
2732	24
2733	24
2734	10
2735	13
2736	18
2737	14
2738	13
2739	19
2740	13
2741	11
2742	12
2743	22
2744	20
2745	16
2746	11
2747	19
2748	13
2749	15
2750	16
2751	14
2752	17
2753	12
2754	19
2755	19
2756	12
2757	13
2758	10
2759	13
2760	20
2761	16
2762	13
2763	21
2764	18
2765	20
2766	17
2767	25
2768	17
2769	17
2770	14
2771	22
2772	14
2773	16
2774	14
2775	14
2776	14
2777	17
2778	18
2779	13
2780	14
2781	19
2782	14
2783	18
2784	13
2785	13
2786	14
2787	14
2788	13
2789	18
2790	17
2791	24
2792	14
2793	17
2794	12
2795	17
2796	17
2797	20
2798	15
2799	17
2800	17
2801	12
2802	20
2803	19
2804	16
2805	21
2806	20
2807	18
2808	16
2809	13
2810	15
2811	8
2812	22
2813	19
2814	14
2815	13
2816	18
2817	15
2818	17
2819	14
2820	19
2821	14
2822	15
2823	11
2824	23
2825	16
2826	11
2827	20
2828	14
2829	11
2830	16
2831	11
2832	18
2833	9
2834	10
2835	17
2836	12
2837	14
2838	20
2839	15
2840	24
2841	19
2842	15
2843	19
2844	16
2845	11
2846	17
2847	15
2848	16
2849	14
2850	15
2851	18
2852	11
2853	10
2854	13
2855	20
2856	12
2857	22
2858	12
2859	14
2860	14
2861	12
2862	12
2863	20
2864	19
2865	17
2866	13
2867	13
2868	12
2869	13
2870	14
2871	12
2872	15
2873	15
2874	15
2875	13
2876	19
2877	18
2878	16
2879	15
2880	12
2881	12
2882	20
2883	16
2884	16
2885	13
2886	20
2887	16
2888	16
2889	11
2890	16
2891	11
2892	7
2893	11
2894	14
2895	6
2896	13
2897	13
2898	19
2899	19
2900	6
2901	16
2902	16
2903	22
2904	15
2905	13
2906	10
2907	15
2908	15
2909	19
2910	17
2911	11
2912	11
2913	17
2914	15
2915	21
2916	18
2917	22
2918	16
2919	17
2920	16
2921	14
2922	10
2923	12
2924	14
2925	13
2926	16
2927	19
2928	14
2929	19
2930	12
2931	12
2932	16
2933	8
2934	14
2935	19
2936	13
2937	10
2938	17
2939	12
2940	17
2941	11
2942	10
2943	10
2944	21
2945	13
2946	9
2947	15
2948	11
2949	17
2950	10
2951	10
2952	13
2953	18
2954	21
2955	12
2956	18
2957	14
2958	13
2959	13
2960	16
2961	15
2962	14
2963	10
2964	13
2965	19
2966	14
2967	10
2968	19
2969	15
2970	13
2971	12
2972	10
2973	14
2974	10
2975	17
2976	14
2977	19
2978	14
2979	11
2980	15
2981	15
2982	16
2983	21
2984	27
2985	17
2986	17
2987	12
2988	19
2989	14
2990	9
2991	14
2992	11
2993	11
2994	24
2995	25
2996	10
2997	13
2998	11
2999	9
3000	9
3001	8
3002	15
3003	19
3004	10
3005	13
3006	20
3007	9
3008	12
3009	16
3010	22
3011	18
3012	22
3013	17
3014	10
3015	11
3016	26
3017	13
3018	16
3019	9
3020	19
3021	11
3022	9
3023	12
3024	15
3025	16
3026	13
3027	15
3028	16
3029	10
3030	13
3031	23
3032	15
3033	10
3034	16
3035	18
3036	15
3037	13
3038	12
3039	13
3040	10
3041	12
3042	11
3043	11
3044	15
3045	13
3046	13
3047	10
3048	9
3049	15
3050	16
3051	19
3052	14
3053	10
3054	11
3055	14
3056	13
3057	16
3058	11
3059	12
3060	10
3061	9
3062	12
3063	13
3064	12
3065	12
3066	17
3067	21
3068	19
3069	15
3070	10
3071	21
3072	12
3073	18
3074	11
3075	13
3076	18
3077	11
3078	11
3079	12
3080	20
3081	14
3082	11
3083	12
3084	20
3085	16
3086	16
3087	10
3088	16
3089	9
3090	11
3091	10
3092	13
3093	20
3094	12
3095	11
3096	19
3097	11
3098	19
3099	19
3100	14
3101	6
3102	17
3103	13
3104	9
3105	13
3106	13
3107	15
3108	6
3109	16
3110	19
3111	15
3112	15
3113	12
3114	8
3115	18
3116	19
3117	23
3118	11
3119	8
3120	14
3121	14
3122	11
3123	11
3124	12
3125	12
3126	9
3127	14
3128	25
3129	9
3130	13
3131	14
3132	17
3133	18
3134	16
3135	15
3136	12
3137	11
3138	14
3139	12
3140	12
3141	9
3142	14
3143	11
3144	20
3145	12
3146	11
3147	19
3148	8
3149	9
3150	6
3151	14
3152	14
3153	13
3154	15
3155	9
3156	15
3157	18
3158	15
3159	17
3160	15
3161	12
3162	19
3163	14
3164	18
3165	16
3166	13
3167	21
3168	13
3169	13
3170	11
3171	10
3172	13
3173	13
3174	16
3175	12
3176	11
3177	12
3178	13
3179	8
3180	13
3181	24
3182	12
3183	14
3184	11
3185	12
3186	12
3187	20
3188	12
3189	24
3190	11
3191	10
3192	8
3193	12
3194	13
3195	17
3196	13
3197	10
3198	15
3199	9
3200	13
3201	19
3202	8
3203	12
3204	12
3205	12
3206	10
3207	13
3208	13
3209	9
3210	16
3211	15
3212	20
3213	8
3214	9
3215	10
3216	12
3217	18
3218	9
3219	13
3220	7
3221	21
3222	8
3223	6
3224	14
3225	8
3226	14
3227	15
3228	13
3229	16
3230	10
3231	13
3232	16
3233	16
3234	9
3235	12
3236	15
3237	14
3238	12
3239	10
3240	14
3241	10
3242	21
3243	17
3244	10
3245	9
3246	18
3247	15
3248	18
3249	11
3250	11
3251	10
3252	16
3253	14
3254	14
3255	12
3256	14
3257	10
3258	11
3259	17
3260	10
3261	15
3262	22
3263	7
3264	9
3265	3
3266	8
3267	15
3268	14
3269	11
3270	18
3271	16
3272	7
3273	15
3274	15
3275	16
3276	15
3277	15
3278	11
3279	10
3280	12
3281	11
3282	19
3283	12
3284	14
3285	9
3286	12
3287	12
3288	12
3289	22
3290	7
3291	14
3292	10
3293	7
3294	7
3295	12
3296	11
3297	16
3298	12
3299	11
3300	12
3301	18
3302	6
3303	14
3304	15
3305	11
3306	18
3307	5
3308	14
3309	9
3310	14
3311	14
3312	12
3313	14
3314	16
3315	11
3316	13
3317	11
3318	13
3319	9
3320	9
3321	17
3322	15
3323	22
3324	9
3325	9
3326	19
3327	14
3328	14
3329	13
3330	13
3331	10
3332	14
3333	17
3334	23
3335	10
3336	18
3337	10
3338	9
3339	14
3340	9
3341	10
3342	13
3343	11
3344	17
3345	13
3346	11
3347	14
3348	10
3349	14
3350	12
3351	11
3352	15
3353	15
3354	9
3355	14
3356	17
3357	14
3358	11
3359	15
3360	15
3361	8
3362	7
3363	11
3364	12
3365	11
3366	16
3367	11
3368	5
3369	9
3370	8
3371	13
3372	15
3373	16
3374	6
3375	10
3376	12
3377	12
3378	6
3379	13
3380	8
3381	11
3382	11
3383	14
3384	6
3385	7
3386	10
3387	15
3388	13
3389	10
3390	18
3391	9
3392	17
3393	12
3394	13
3395	12
3396	15
3397	10
3398	18
3399	15
3400	12
3401	7
3402	13
3403	11
3404	17
3405	9
3406	11
3407	15
3408	18
3409	10
3410	12
3411	13
3412	8
3413	8
3414	8
3415	14
3416	12
3417	10
3418	9
3419	16
3420	10
3421	12
3422	8
3423	13
3424	15
3425	17
3426	12
3427	16
3428	12
3429	8
3430	13
3431	9
3432	12
3433	9
3434	9
3435	7
3436	10
3437	10
3438	16
3439	13
3440	10
3441	11
3442	12
3443	15
3444	12
3445	12
3446	16
3447	21
3448	12
3449	10
3450	9
3451	18
3452	13
3453	9
3454	9
3455	17
3456	18
3457	8
3458	15
3459	12
3460	12
3461	15
3462	9
3463	14
3464	11
3465	12
3466	12
3467	10
3468	11
3469	22
3470	4
3471	8
3472	18
3473	16
3474	16
3475	13
3476	11
3477	6
3478	10
3479	12
3480	15
3481	8
3482	12
3483	6
3484	10
3485	10
3486	14
3487	7
3488	12
3489	8
3490	13
3491	8
3492	8
3493	16
3494	13
3495	9
3496	14
3497	10
3498	8
3499	12
3500	11
3501	15
3502	8
3503	14
3504	8
3505	10
3506	14
3507	13
3508	7
3509	15
3510	16
3511	8
3512	11
3513	8
3514	4
3515	17
3516	14
3517	8
3518	11
3519	15
3520	11
3521	12
3522	14
3523	12
3524	14
3525	12
3526	14
3527	5
3528	11
3529	10
3530	12
3531	15
3532	3
3533	14
3534	9
3535	12
3536	7
3537	15
3538	7
3539	13
3540	11
3541	8
3542	12
3543	15
3544	7
3545	13
3546	9
3547	8
3548	7
3549	17
3550	17
3551	13
3552	12
3553	11
3554	3
3555	13
3556	16
3557	13
3558	6
3559	9
3560	15
3561	5
3562	8
3563	14
3564	11
3565	11
3566	8
3567	8
3568	8
3569	13
3570	9
3571	5
3572	16
3573	8
3574	9
3575	5
3576	10
3577	6
3578	11
3579	9
3580	10
3581	5
3582	9
3583	12
3584	10
3585	11
3586	10
3587	9
3588	11
3589	11
3590	7
3591	11
3592	11
3593	6
3594	8
3595	10
3596	9
3597	15
3598	16
3599	8
3600	15
3601	12
3602	12
3603	8
3604	14
3605	6
3606	10
3607	9
3608	11
3609	13
3610	9
3611	12
3612	13
3613	6
3614	5
3615	7
3616	6
3617	9
3618	9
3619	12
3620	5
3621	12
3622	15
3623	9
3624	7
3625	7
3626	5
3627	12
3628	9
3629	5
3630	5
3631	14
3632	11
3633	8
3634	11
3635	13
3636	9
3637	10
3638	10
3639	12
3640	13
3641	17
3642	7
3643	8
3644	5
3645	11
3646	6
3647	8
3648	7
3649	4
3650	10
3651	13
3652	6
3653	9
3654	8
3655	3
3656	15
3657	11
3658	8
3659	11
3660	9
3661	4
3662	14
3663	6
3664	13
3665	12
3666	7
3667	14
3668	8
3669	11
3670	13
3671	11
3672	6
3673	12
3674	18
3675	14
3676	6
3677	6
3678	7
3679	14
3680	8
3681	6
3682	12
3683	4
3684	8
3685	9
3686	14
3687	16
3688	6
3689	14
3690	6
3691	8
3692	17
3693	11
3694	12
3695	6
3696	9
3697	13
3698	9
3699	11
3700	15
3701	16
3702	11
3703	13
3704	9
3705	7
3706	9
3707	11
3708	8
3709	11
3710	10
3711	8
3712	11
3713	2
3714	10
3715	12
3716	9
3717	10
3718	13
3719	7
3720	9
3721	9
3722	11
3723	10
3724	11
3725	14
3726	8
3727	15
3728	10
3729	15
3730	17
3731	4
3732	9
3733	8
3734	9
3735	17
3736	9
3737	10
3738	10
3739	10
3740	21
3741	12
3742	7
3743	10
3744	3
3745	7
3746	4
3747	5
3748	7
3749	11
3750	9
3751	13
3752	14
3753	7
3754	9
3755	9
3756	9
3757	15
3758	10
3759	7
3760	10
3761	6
3762	10
3763	18
3764	6
3765	10
3766	10
3767	13
3768	8
3769	14
3770	7
3771	10
3772	4
3773	12
3774	4
3775	10
3776	9
3777	9
3778	6
3779	10
3780	9
3781	7
3782	10
3783	6
3784	11
3785	10
3786	11
3787	6
3788	15
3789	10
3790	10
3791	7
3792	5
3793	13
3794	6
3795	9
3796	12
3797	10
3798	13
3799	12
3800	7
3801	11
3802	12
3803	10
3804	12
3805	10
3806	6
3807	13
3808	13
3809	18
3810	14
3811	13
3812	10
3813	6
3814	11
3815	8
3816	11
3817	3
3818	2
3819	6
3820	12
3821	7
3822	8
3823	6
3824	10
3825	9
3826	10
3827	3
3828	5
3829	8
3830	9
3831	10
3832	9
3833	5
3834	13
3835	13
3836	12
3837	10
3838	9
3839	12
3840	10
3841	10
3842	9
3843	6
3844	8
3845	3
3846	8
3847	13
3848	9
3849	8
3850	6
3851	10
3852	11
3853	8
3854	7
3855	9
3856	9
3857	5
3858	4
3859	8
3860	9
3861	11
3862	7
3863	7
3864	5
3865	8
3866	9
3867	8
3868	12
3869	5
3870	7
3871	16
3872	7
3873	12
3874	8
3875	6
3876	7
3877	5
3878	4
3879	10
3880	10
3881	6
3882	13
3883	7
3884	11
3885	12
3886	6
3887	11
3888	10
3889	13
3890	9
3891	10
3892	14
3893	10
3894	10
3895	11
3896	8
3897	8
3898	7
3899	10
3900	8
3901	10
3902	13
3903	12
3904	6
3905	15
3906	14
3907	8
3908	9
3909	12
3910	13
3911	7
3912	10
3913	9
3914	8
3915	11
3916	8
3917	10
3918	13
3919	12
3920	5
3921	10
3922	12
3923	14
3924	9
3925	10
3926	15
3927	10
3928	8
3929	6
3930	8
3931	8
3932	4
3933	11
3934	5
3935	10
3936	7
3937	6
3938	2
3939	17
3940	9
3941	12
3942	10
3943	5
3944	9
3945	9
3946	17
3947	9
3948	9
3949	6
3950	7
3951	7
3952	7
3953	4
3954	10
3955	8
3956	11
3957	10
3958	10
3959	11
3960	8
3961	12
3962	13
3963	6
3964	7
3965	11
3966	9
3967	4
3968	6
3969	10
3970	12
3971	8
3972	8
3973	13
3974	9
3975	13
3976	8
3977	7
3978	7
3979	9
3980	13
3981	8
3982	10
3983	8
3984	12
3985	5
3986	10
3987	3
3988	12
3989	6
3990	9
3991	14
3992	11
3993	7
3994	10
3995	11
3996	6
3997	11
3998	7
3999	8
4000	6
4001	9
4002	7
4003	6
4004	6
4005	9
4006	9
4007	8
4008	13
4009	9
4010	9
4011	7
4012	8
4013	10
4014	7
4015	8
4016	9
4017	10
4018	7
4019	6
4020	6
4021	11
4022	12
4023	7
4024	5
4025	5
4026	6
4027	9
4028	4
4029	5
4030	10
4031	7
4032	12
4033	10
4034	14
4035	7
4036	6
4037	8
4038	8
4039	10
4040	15
4041	10
4042	7
4043	9
4044	12
4045	13
4046	4
4047	7
4048	7
4049	12
4050	7
4051	6
4052	6
4053	10
4054	6
4055	8
4056	11
4057	6
4058	8
4059	14
4060	4
4061	5
4062	8
4063	9
4064	6
4065	6
4066	7
4067	7
4068	11
4069	7
4070	10
4071	6
4072	11
4073	8
4074	9
4075	10
4076	7
4077	7
4078	10
4079	10
4080	9
4081	10
4082	6
4083	5
4084	13
4085	10
4086	3
4087	6
4088	14
4089	6
4090	8
4091	6
4092	6
4093	11
4094	10
4095	8
4096	10
4097	8
4098	8
4099	4
4100	5
4101	11
4102	8
4103	7
4104	6
4105	11
4106	9
4107	10
4108	5
4109	10
4110	6
4111	9
4112	8
4113	8
4114	5
4115	8
4116	4
4117	10
4118	11
4119	13
4120	13
4121	5
4122	8
4123	13
4124	13
4125	10
4126	10
4127	7
4128	9
4129	8
4130	13
4131	8
4132	7
4133	8
4134	12
4135	3
4136	8
4137	4
4138	4
4139	12
4140	8
4141	10
4142	8
4143	9
4144	7
4145	8
4146	9
4147	11
4148	14
4149	9
4150	7
4151	8
4152	10
4153	7
4154	9
4155	9
4156	13
4157	5
4158	10
4159	12
4160	14
4161	9
4162	5
4163	7
4164	7
4165	11
4166	11
4167	8
4168	12
4169	11
4170	7
4171	8
4172	8
4173	6
4174	6
4175	6
4176	6
4177	12
4178	6
4179	5
4180	13
4181	6
4182	10
4183	7
4184	7
4185	18
4186	6
4187	7
4188	7
4189	11
4190	10
4191	5
4192	8
4193	4
4194	9
4195	7
4196	6
4197	8
4198	8
4199	5
4200	6
4201	6
4202	6
4203	8
4204	6
4205	4
4206	11
4207	14
4208	11
4209	8
4210	10
4211	12
4212	10
4213	9
4214	12
4215	10
4216	7
4217	6
4218	9
4219	10
4220	5
4221	9
4222	8
4223	10
4224	10
4225	12
4226	8
4227	12
4228	7
4229	6
4230	5
4231	9
4232	9
4233	9
4234	6
4235	6
4236	11
4237	12
4238	13
4239	5
4240	14
4241	10
4242	8
4243	12
4244	5
4245	10
4246	13
4247	7
4248	10
4249	10
4250	8
4251	6
4252	4
4253	10
4254	3
4255	11
4256	7
4257	9
4258	11
4259	5
4260	7
4261	10
4262	10
4263	6
4264	9
4265	6
4266	14
4267	6
4268	4
4269	9
4270	12
4271	10
4272	9
4273	7
4274	13
4275	8
4276	10
4277	9
4278	8
4279	8
4280	9
4281	9
4282	12
4283	7
4284	11
4285	7
4286	14
4287	6
4288	11
4289	9
4290	5
4291	12
4292	4
4293	8
4294	6
4295	14
4296	8
4297	8
4298	4
4299	10
4300	6
4301	6
4302	5
4303	9
4304	13
4305	9
4306	8
4307	12
4308	6
4309	9
4310	6
4311	13
4312	12
4313	9
4314	16
4315	11
4316	6
4317	7
4318	12
4319	11
4320	11
4321	10
4322	6
4323	12
4324	9
4325	6
4326	8
4327	13
4328	11
4329	9
4330	8
4331	3
4332	6
4333	12
4334	13
4335	8
4336	10
4337	5
4338	8
4339	10
4340	11
4341	8
4342	10
4343	7
4344	8
4345	14
4346	7
4347	8
4348	8
4349	6
4350	7
4351	4
4352	9
4353	8
4354	5
4355	9
4356	5
4357	9
4358	10
4359	5
4360	8
4361	8
4362	5
4363	12
4364	9
4365	8
4366	6
4367	13
4368	6
4369	6
4370	7
4371	8
4372	14
4373	11
4374	6
4375	9
4376	6
4377	8
4378	7
4379	12
4380	8
4381	8
4382	7
4383	13
4384	6
4385	6
4386	11
4387	6
4388	6
4389	5
4390	7
4391	6
4392	12
4393	10
4394	9
4395	10
4396	8
4397	4
4398	7
4399	10
4400	12
4401	13
4402	5
4403	6
4404	8
4405	9
4406	8
4407	3
4408	5
4409	10
4410	12
4411	10
4412	6
4413	12
4414	5
4415	6
4416	7
4417	11
4418	7
4419	3
4420	10
4421	6
4422	6
4423	6
4424	6
4425	7
4426	7
4427	8
4428	14
4429	12
4430	14
4431	3
4432	7
4433	5
4434	8
4435	9
4436	9
4437	10
4438	6
4439	8
4440	6
4441	4
4442	8
4443	8
4444	7
4445	9
4446	10
4447	12
4448	8
4449	12
4450	7
4451	3
4452	9
4453	5
4454	6
4455	7
4456	12
4457	5
4458	8
4459	11
4460	5
4461	19
4462	6
4463	5
4464	12
4465	10
4466	6
4467	8
4468	14
4469	9
4470	9
4471	4
4472	9
4473	5
4474	12
4475	10
4476	14
4477	4
4478	7
4479	9
4480	10
4481	8
4482	8
4483	6
4484	7
4485	9
4486	11
4487	9
4488	9
4489	9
4490	7
4491	6
4492	7
4493	7
4494	10
4495	10
4496	9
4497	9
4498	6
4499	11
4500	6
4501	7
4502	7
4503	7
4504	6
4505	10
4506	7
4507	10
4508	8
4509	11
4510	7
4511	6
4512	11
4513	9
4514	9
4515	8
4516	8
4517	10
4518	7
4519	11
4520	3
4521	8
4522	10
4523	8
4524	14
4525	5
4526	5
4527	7
4528	9
4529	9
4530	2
4531	10
4532	11
4533	6
4534	7
4535	8
4536	3
4537	8
4538	9
4539	8
4540	8
4541	8
4542	8
4543	9
4544	6
4545	10
4546	8
4547	7
4548	8
4549	12
4550	5
4551	11
4552	6
4553	8
4554	7
4555	5
4556	4
4557	4
4558	12
4559	9
4560	3
4561	12
4562	9
4563	7
4564	6
4565	12
4566	4
4567	4
4568	7
4569	11
4570	11
4571	15
4572	5
4573	7
4574	9
4575	11
4576	8
4577	9
4578	7
4579	12
4580	7
4581	8
4582	6
4583	6
4584	6
4585	7
4586	8
4587	9
4588	8
4589	8
4590	17
4591	5
4592	8
4593	8
4594	6
4595	8
4596	7
4597	9
4598	7
4599	9
4600	8
4601	7
4602	6
4603	6
4604	8
4605	3
4606	7
4607	10
4608	5
4609	7
4610	4
4611	11
4612	4
4613	6
4614	6
4615	10
4616	11
4617	7
4618	12
4619	8
4620	9
4621	7
4622	6
4623	6
4624	8
4625	11
4626	4
4627	11
4628	6
4629	6
4630	8
4631	6
4632	4
4633	6
4634	9
4635	6
4636	6
4637	6
4638	5
4639	8
4640	10
4641	12
4642	12
4643	3
4644	6
4645	3
4646	9
4647	7
4648	7
4649	5
4650	10
4651	12
4652	5
4653	10
4654	5
4655	7
4656	9
4657	10
4658	8
4659	10
4660	7
4661	8
4662	5
4663	9
4664	6
4665	6
4666	8
4667	11
4668	8
4669	10
4670	9
4671	5
4672	8
4673	13
4674	5
4675	6
4676	5
4677	4
4678	10
4679	7
4680	7
4681	1
4682	3
4683	11
4684	4
4685	9
4686	7
4687	5
4688	3
4689	9
4690	5
4691	7
4692	12
4693	2
4694	2
4695	7
4696	10
4697	12
4698	7
4699	10
4700	13
4701	7
4702	10
4703	6
4704	5
4705	7
4706	3
4707	11
4708	3
4709	6
4710	8
4711	5
4712	14
4713	9
4714	5
4715	6
4716	3
4717	4
4718	5
4719	8
4720	8
4721	7
4722	5
4723	13
4724	9
4725	10
4726	8
4727	2
4728	8
4729	4
4730	9
4731	10
4732	8
4733	7
4734	8
4735	3
4736	9
4737	11
4738	10
4739	7
4740	4
4741	6
4742	11
4743	8
4744	8
4745	8
4746	9
4747	9
4748	6
4749	10
4750	6
4751	2
4752	8
4753	6
4754	7
4755	2
4756	5
4757	9
4758	8
4759	5
4760	1
4761	8
4762	1
4763	5
4764	4
4765	10
4766	9
4767	10
4768	8
4769	10
4770	9
4771	12
4772	3
4773	2
4774	9
4775	7
4776	7
4777	7
4778	11
4779	11
4780	6
4781	5
4782	3
4783	5
4784	7
4785	4
4786	1
4787	2
4788	12
4789	7
4790	10
4791	8
4792	4
4793	4
4794	7
4795	2
4796	8
4797	2
4798	2
4799	4
4800	4
4801	5
4802	8
4803	6
4804	9
4805	9
4806	5
4807	6
4808	10
4809	3
4810	7
4811	9
4812	4
4813	8
4814	11
4815	5
4816	7
4817	4
4818	7
4819	5
4820	8
4821	8
4822	14
4823	5
4824	6
4825	8
4826	1
4827	5
4828	9
4829	4
4830	6
4831	5
4832	5
4833	4
4834	8
4835	7
4836	2
4837	5
4838	4
4839	11
4840	7
4841	8
4842	8
4843	6
4844	5
4845	5
4846	2
4847	6
4848	4
4849	8
4850	2
4851	4
4852	6
4853	6
4854	2
4855	5
4856	6
4857	8
4858	6
4859	7
4860	7
4861	7
4862	4
4863	7
4864	6
4865	3
4866	3
4867	7
4868	3
4869	5
4870	1
4871	4
4872	10
4873	10
4874	3
4875	4
4876	3
4877	3
4878	7
4879	8
4880	3
4881	10
4882	5
4883	3
4884	4
4885	9
4886	11
4887	10
4888	4
4889	6
4890	4
4891	6
4892	10
4893	7
4894	4
4895	4
4896	2
4897	7
4898	6
4899	6
4900	5
4901	5
4902	10
4903	8
4904	7
4905	7
4906	5
4907	4
4908	7
4909	7
4910	5
4911	8
4912	5
4913	5
4914	4
4915	4
4916	8
4917	6
4918	4
4919	7
4920	6
4921	2
4922	6
4923	4
4924	5
4925	7
4926	9
4927	10
4928	9
4929	9
4930	2
4931	2
4932	7
4933	4
4934	2
4935	2
4936	3
4937	10
4938	4
4939	2
4940	3
4941	4
4942	6
4943	5
4944	3
4945	5
4946	2
4947	9
4948	5
4949	4
4950	3
4951	4
4952	5
4953	6
4954	6
4955	6
4956	4
4957	4
4958	5
4959	7
4960	5
4961	5
4962	5
4963	5
4964	5
4965	3
4966	4
4967	9
4968	8
4969	7
4970	8
4971	7
4972	6
4973	4
4974	3
4975	5
4976	10
4977	4
4978	5
4979	3
4980	10
4981	9
4982	6
4983	1
4984	9
4985	5
4986	2
4987	3
4988	6
4989	8
4990	2
4991	6
4992	2
4993	2
4994	4
4995	5
4996	3
4997	10
4998	7
4999	6
5000	8
5001	6
5002	5
5003	2
5004	2
5005	6
5006	1
5007	4
5008	9
5009	3
5010	4
5011	4
5012	4
5013	1
5014	4
5015	5
5016	5
5017	8
5018	4
5019	3
5020	6
5021	5
5022	4
5023	7
5024	2
5025	2
5026	5
5027	3
5028	4
5029	5
5030	1
5031	7
5032	5
5033	5
5034	8
5035	6
5036	5
5037	5
5038	7
5039	7
5040	6
5041	7
5042	5
5043	7
5044	6
5045	3
5046	8
5047	2
5048	1
5049	9
5050	2
5051	7
5052	7
5053	3
5054	2
5055	4
5056	5
5057	4
5058	2
5059	8
5060	6
5061	4
5062	4
5063	4
5064	3
5065	4
5066	4
5067	7
5068	7
5069	5
5070	7
5071	7
5072	5
5073	4
5074	11
5075	6
5076	5
5077	7
5078	4
5079	3
5080	8
5081	4
5082	3
5083	9
5084	7
5085	4
5086	5
5087	10
5088	11
5089	2
5090	5
5091	4
5092	6
5093	3
5094	6
5095	4
5096	10
5097	4
5098	6
5099	3
5100	8
5101	8
5102	3
5103	6
5104	3
5105	2
5106	3
5107	3
5108	6
5109	2
5110	3
5111	6
5112	2
5113	4
5114	3
5115	4
5116	11
5117	5
5118	4
5119	3
5120	2
5121	2
5122	3
5123	4
5124	4
5125	2
5126	5
5127	2
5128	7
5129	4
5130	2
5131	7
5132	10
5133	2
5134	4
5135	5
5136	1
5137	3
5138	3
5139	2
5140	5
5141	6
5142	1
5143	2
5144	3
5145	3
5146	4
5147	2
5148	5
5149	5
5150	6
5151	5
5152	5
5153	2
5154	6
5155	3
5156	3
5157	4
5158	5
5159	3
5160	5
5161	2
5162	2
5163	3
5164	5
5165	3
5166	9
5167	7
5168	3
5169	3
5170	6
5171	8
5172	7
5173	6
5174	12
5175	11
5176	5
5177	9
5178	1
5179	5
5180	7
5181	4
5182	4
5183	3
5184	5
5185	3
5186	3
5187	4
5188	7
5189	4
5190	5
5191	3
5192	2
5193	3
5194	3
5195	7
5196	5
5197	8
5198	6
5199	9
5200	6
5201	6
5202	4
5203	2
5204	2
5205	4
5206	9
5207	9
5208	1
5209	3
5210	1
5211	2
5212	4
5213	4
5214	4
5215	3
5216	4
5217	1
5218	4
5219	7
5220	3
5221	5
5222	2
5223	2
5224	6
5225	2
5226	4
5227	2
5228	4
5229	6
5230	4
5231	0
5232	3
5233	3
5234	4
5235	6
5236	3
5237	5
5238	6
5239	3
5240	7
5241	5
5242	6
5243	8
5244	4
5245	2
5246	2
5247	6
5248	1
5249	6
5250	7
5251	2
5252	3
5253	3
5254	3
5255	3
5256	3
5257	2
5258	2
5259	6
5260	5
5261	8
5262	2
5263	2
5264	4
5265	4
5266	0
5267	1
5268	4
5269	5
5270	4
5271	2
5272	10
5273	3
5274	4
5275	0
5276	3
5277	5
5278	2
5279	4
5280	5
5281	4
5282	5
5283	5
5284	6
5285	3
5286	3
5287	6
5288	3
5289	3
5290	1
5291	3
5292	9
5293	2
5294	4
5295	2
5296	4
5297	4
5298	5
5299	1
5300	4
5301	2
5302	7
5303	4
5304	1
5305	6
5306	3
5307	4
5308	5
5309	3
5310	3
5311	7
5312	5
5313	3
5314	5
5315	5
5316	5
5317	8
5318	4
5319	3
5320	4
5321	5
5322	3
5323	5
5324	1
5325	3
5326	2
5327	5
5328	6
5329	0
5330	1
5331	6
5332	6
5333	4
5334	8
5335	3
5336	2
5337	2
5338	2
5339	4
5340	8
5341	6
5342	2
5343	3
5344	2
5345	1
5346	2
5347	2
5348	5
5349	4
5350	8
5351	5
5352	6
5353	3
5354	3
5355	3
5356	0
5357	5
5358	4
5359	4
5360	5
5361	5
5362	3
5363	2
5364	2
5365	4
5366	6
5367	3
5368	5
5369	3
5370	3
5371	5
5372	7
5373	4
5374	5
5375	4
5376	2
5377	1
5378	3
5379	1
5380	3
5381	3
5382	4
5383	5
5384	3
5385	1
5386	6
5387	4
5388	2
5389	2
5390	1
5391	5
5392	5
5393	4
5394	2
5395	4
5396	3
5397	3
5398	5
5399	7
5400	2
5401	3
5402	2
5403	6
5404	6
5405	3
5406	4
5407	3
5408	2
5409	5
5410	3
5411	3
5412	4
5413	2
5414	5
5415	2
5416	6
5417	2
5418	7
5419	3
5420	5
5421	4
5422	0
5423	5
5424	4
5425	3
5426	4
5427	0
5428	4
5429	5
5430	5
5431	2
5432	3
5433	4
5434	2
5435	3
5436	2
5437	5
5438	4
5439	3
5440	3
5441	3
5442	0
5443	4
5444	1
5445	4
5446	5
5447	3
5448	5
5449	4
5450	3
5451	2
5452	6
5453	1
5454	2
5455	4
5456	1
5457	2
5458	4
5459	8
5460	0
5461	3
5462	5
5463	6
5464	0
5465	4
5466	2
5467	3
5468	5
5469	1
5470	7
5471	4
5472	1
5473	2
5474	2
5475	6
5476	5
5477	3
5478	5
5479	0
5480	4
5481	5
5482	4
5483	4
5484	3
5485	7
5486	6
5487	3
5488	3
5489	3
5490	4
5491	3
5492	4
5493	3
5494	2
5495	3
5496	5
5497	1
5498	2
5499	2
5500	4
5501	3
5502	6
5503	4
5504	3
5505	5
5506	3
5507	4
5508	4
5509	5
5510	1
5511	1
5512	3
5513	4
5514	3
5515	0
5516	7
5517	3
5518	5
5519	6
5520	3
5521	1
5522	2
5523	1
5524	0
5525	3
5526	3
5527	1
5528	1
5529	3
5530	2
5531	4
5532	2
5533	2
5534	5
5535	6
5536	3
5537	6
5538	3
5539	1
5540	3
5541	2
5542	4
5543	3
5544	2
5545	4
5546	3
5547	5
5548	5
5549	5
5550	1
5551	10
5552	2
5553	3
5554	1
5555	6
5556	4
5557	4
5558	9
5559	4
5560	3
5561	5
5562	4
5563	4
5564	2
5565	6
5566	4
5567	1
5568	9
5569	1
5570	3
5571	3
5572	4
5573	2
5574	3
5575	9
5576	3
5577	3
5578	5
5579	3
5580	1
5581	5
5582	7
5583	4
5584	2
5585	7
5586	3
5587	3
5588	2
5589	3
5590	6
5591	1
5592	2
5593	3
5594	4
5595	4
5596	4
5597	6
5598	4
5599	2
5600	4
5601	4
5602	2
5603	0
5604	2
5605	4
5606	4
5607	1
5608	3
5609	2
5610	4
5611	7
5612	4
5613	3
5614	3
5615	3
5616	2
5617	3
5618	3
5619	0
5620	1
5621	3
5622	5
5623	8
5624	5
5625	2
5626	3
5627	2
5628	5
5629	6
5630	3
5631	7
5632	0
5633	3
5634	2
5635	1
5636	4
5637	5
5638	5
5639	3
5640	5
5641	5
5642	3
5643	5
5644	2
5645	8
5646	4
5647	2
5648	2
5649	4
5650	2
5651	3
5652	4
5653	3
5654	7
5655	3
5656	0
5657	1
5658	3
5659	4
5660	1
5661	4
5662	4
5663	5
5664	5
5665	5
5666	4
5667	4
5668	2
5669	3
5670	7
5671	3
5672	3
5673	4
5674	5
5675	3
5676	4
5677	2
5678	3
5679	7
5680	2
5681	4
5682	2
5683	3
5684	2
5685	0
5686	3
5687	2
5688	1
5689	1
5690	3
5691	3
5692	2
5693	1
5694	8
5695	4
5696	1
5697	2
5698	4
5699	2
5700	4
5701	4
5702	6
5703	3
5704	4
5705	5
5706	2
5707	5
5708	2
5709	6
5710	4
5711	2
5712	8
5713	6
5714	4
5715	3
5716	1
5717	2
5718	4
5719	3
5720	3
5721	1
5722	3
5723	5
5724	1
5725	4
5726	4
5727	6
5728	3
5729	4
5730	1
5731	1
5732	2
5733	1
5734	2
5735	2
5736	3
5737	5
5738	9
5739	5
5740	5
5741	4
5742	4
5743	2
5744	6
5745	3
5746	3
5747	3
5748	2
5749	4
5750	4
5751	7
5752	3
5753	1
5754	1
5755	6
5756	1
5757	3
5758	1
5759	4
5760	3
5761	1
5762	4
5763	2
5764	0
5765	3
5766	10
5767	7
5768	3
5769	3
5770	2
5771	3
5772	3
5773	4
5774	1
5775	4
5776	3
5777	2
5778	3
5779	4
5780	6
5781	3
5782	5
5783	4
5784	2
5785	1
5786	1
5787	0
5788	3
5789	4
5790	2
5791	2
5792	5
5793	0
5794	3
5795	1
5796	2
5797	4
5798	4
5799	8
5800	2
5801	3
5802	3
5803	2
5804	2
5805	2
5806	1
5807	3
5808	3
5809	0
5810	5
5811	4
5812	2
5813	1
5814	5
5815	1
5816	2
5817	5
5818	5
5819	7
5820	5
5821	3
5822	5
5823	4
5824	2
5825	6
5826	5
5827	0
5828	4
5829	6
5830	5
5831	4
5832	2
5833	1
5834	1
5835	2
5836	3
5837	4
5838	2
5839	4
5840	2
5841	2
5842	3
5843	2
5844	6
5845	4
5846	5
5847	2
5848	2
5849	4
5850	5
5851	3
5852	0
5853	1
5854	3
5855	3
5856	1
5857	2
5858	3
5859	6
5860	5
5861	7
5862	4
5863	7
5864	2
5865	5
5866	2
5867	6
5868	4
5869	4
5870	1
5871	2
5872	3
5873	1
5874	2
5875	5
5876	4
5877	3
5878	5
5879	2
5880	2
5881	3
5882	3
5883	3
5884	3
5885	1
5886	3
5887	4
5888	2
5889	4
5890	3
5891	2
5892	2
5893	2
5894	3
5895	6
5896	3
5897	2
5898	6
5899	2
5900	4
5901	3
5902	4
5903	1
5904	0
5905	3
5906	5
5907	1
5908	8
5909	3
5910	2
5911	3
5912	4
5913	0
5914	0
5915	2
5916	2
5917	5
5918	2
5919	4
5920	4
5921	3
5922	5
5923	1
5924	7
5925	1
5926	3
5927	4
5928	1
5929	4
5930	3
5931	7
5932	4
5933	3
5934	2
5935	6
5936	4
5937	6
5938	1
5939	2
5940	1
5941	1
5942	6
5943	2
5944	5
5945	6
5946	5
5947	2
5948	3
5949	1
5950	1
5951	3
5952	3
5953	3
5954	1
5955	1
5956	3
5957	2
5958	1
5959	2
5960	1
5961	4
5962	2
5963	1
5964	5
5965	3
5966	3
5967	3
5968	4
5969	5
5970	2
5971	3
5972	2
5973	2
5974	4
5975	4
5976	2
5977	3
5978	1
5979	5
5980	4
5981	3
5982	2
5983	2
5984	4
5985	1
5986	2
5987	2
5988	0
5989	3
5990	4
5991	3
5992	5
5993	2
5994	3
5995	3
5996	2
5997	3
5998	5
5999	5
6000	4
6001	5
6002	3
6003	3
6004	3
6005	5
6006	5
6007	5
6008	2
6009	7
6010	4
6011	1
6012	0
6013	3
6014	5
6015	4
6016	4
6017	6
6018	2
6019	7
6020	2
6021	1
6022	7
6023	4
6024	2
6025	3
6026	3
6027	1
6028	1
6029	2
6030	4
6031	2
6032	5
6033	6
6034	4
6035	2
6036	6
6037	1
6038	1
6039	7
6040	4
6041	3
6042	7
6043	6
6044	4
6045	2
6046	3
6047	1
6048	4
6049	0
6050	1
6051	3
6052	3
6053	2
6054	1
6055	2
6056	3
6057	1
6058	3
6059	2
6060	2
6061	6
6062	5
6063	3
6064	4
6065	2
6066	3
6067	1
6068	3
6069	3
6070	2
6071	2
6072	2
6073	2
6074	4
6075	3
6076	5
6077	2
6078	0
6079	4
6080	3
6081	4
6082	2
6083	4
6084	4
6085	3
6086	0
6087	0
6088	5
6089	4
6090	5
6091	3
6092	4
6093	2
6094	1
6095	2
6096	1
6097	2
6098	0
6099	2
6100	3
6101	1
6102	5
6103	1
6104	2
6105	3
6106	5
6107	1
6108	3
6109	2
6110	1
6111	8
6112	0
6113	0
6114	3
6115	2
6116	1
6117	3
6118	2
6119	6
6120	4
6121	4
6122	2
6123	1
6124	2
6125	3
6126	1
6127	4
6128	2
6129	5
6130	3
6131	3
6132	5
6133	4
6134	3
6135	0
6136	11
6137	1
6138	2
6139	3
6140	3
6141	1
6142	2
6143	2
6144	6
6145	4
6146	2
6147	2
6148	3
6149	2
6150	1
6151	4
6152	6
6153	1
6154	2
6155	1
6156	4
6157	6
6158	5
6159	2
6160	5
6161	1
6162	5
6163	2
6164	0
6165	3
6166	2
6167	0
6168	2
6169	2
6170	0
6171	4
6172	5
6173	4
6174	5
6175	1
6176	0
6177	1
6178	3
6179	3
6180	2
6181	5
6182	0
6183	8
6184	2
6185	4
6186	4
6187	0
6188	1
6189	1
6190	8
6191	0
6192	2
6193	2
6194	3
6195	2
6196	1
6197	5
6198	3
6199	1
6200	2
6201	2
6202	2
6203	3
6204	2
6205	4
6206	4
6207	2
6208	3
6209	8
6210	8
6211	2
6212	4
6213	6
6214	0
6215	2
6216	0
6217	8
6218	4
6219	4
6220	4
6221	4
6222	3
6223	2
6224	5
6225	4
6226	2
6227	1
6228	2
6229	6
6230	2
6231	1
6232	4
6233	5
6234	6
6235	3
6236	2
6237	1
6238	4
6239	2
6240	7
6241	3
6242	6
6243	3
6244	2
6245	3
6246	3
6247	3
6248	4
6249	2
6250	2
6251	5
6252	3
6253	3
6254	0
6255	0
6256	4
6257	3
6258	2
6259	2
6260	2
6261	3
6262	2
6263	4
6264	0
6265	2
6266	4
6267	0
6268	4
6269	1
6270	1
6271	2
6272	3
6273	2
6274	3
6275	1
6276	3
6277	3
6278	4
6279	2
6280	3
6281	4
6282	5
6283	7
6284	2
6285	4
6286	3
6287	4
6288	3
6289	0
6290	2
6291	4
6292	5
6293	4
6294	2
6295	4
6296	4
6297	1
6298	2
6299	2
6300	2
6301	2
6302	1
6303	2
6304	2
6305	1
6306	4
6307	3
6308	5
6309	0
6310	3
6311	2
6312	3
6313	4
6314	2
6315	5
6316	0
6317	2
6318	2
6319	2
6320	3
6321	3
6322	3
6323	2
6324	0
6325	1
6326	3
6327	3
6328	6
6329	5
6330	2
6331	4
6332	2
6333	1
6334	1
6335	1
6336	6
6337	1
6338	3
6339	5
6340	3
6341	1
6342	7
6343	3
6344	1
6345	2
6346	3
6347	0
6348	4
6349	0
6350	2
6351	3
6352	1
6353	1
6354	2
6355	1
6356	4
6357	3
6358	4
6359	2
6360	2
6361	1
6362	0
6363	5
6364	3
6365	3
6366	2
6367	3
6368	3
6369	4
6370	0
6371	8
6372	3
6373	2
6374	6
6375	2
6376	3
6377	3
6378	4
6379	4
6380	2
6381	3
6382	4
6383	0
6384	7
6385	4
6386	2
6387	0
6388	2
6389	2
6390	3
6391	4
6392	3
6393	0
6394	4
6395	2
6396	1
6397	0
6398	0
6399	5
6400	4
6401	3
6402	2
6403	1
6404	3
6405	2
6406	3
6407	3
6408	5
6409	5
6410	6
6411	5
6412	3
6413	2
6414	4
6415	3
6416	3
6417	3
6418	1
6419	0
6420	0
6421	6
6422	4
6423	2
6424	0
6425	1
6426	4
6427	5
6428	4
6429	3
6430	4
6431	3
6432	4
6433	3
6434	0
6435	2
6436	6
6437	4
6438	1
6439	0
6440	4
6441	4
6442	5
6443	3
6444	2
6445	3
6446	2
6447	1
6448	4
6449	4
6450	2
6451	2
6452	5
6453	5
6454	4
6455	2
6456	1
6457	5
6458	3
6459	4
6460	2
6461	0
6462	3
6463	5
6464	2
6465	2
6466	0
6467	5
6468	3
6469	1
6470	4
6471	3
6472	0
6473	4
6474	2
6475	6
6476	3
6477	4
6478	6
6479	2
6480	1
6481	1
6482	2
6483	5
6484	4
6485	4
6486	1
6487	3
6488	2
6489	4
6490	2
6491	1
6492	3
6493	3
6494	3
6495	1
6496	3
6497	4
6498	3
6499	3
6500	4
6501	2
6502	3
6503	2
6504	4
6505	4
6506	2
6507	4
6508	3
6509	1
6510	2
6511	3
6512	1
6513	5
6514	3
6515	3
6516	2
6517	3
6518	2
6519	3
6520	4
6521	3
6522	3
6523	2
6524	5
6525	4
6526	7
6527	2
6528	4
6529	1
6530	4
6531	3
6532	1
6533	0
6534	4
6535	1
6536	1
6537	5
6538	5
6539	2
6540	3
6541	3
6542	2
6543	4
6544	4
6545	4
6546	3
6547	2
6548	3
6549	3
6550	4
6551	2
6552	2
6553	5
6554	3
6555	2
6556	4
6557	2
6558	7
6559	3
6560	2
6561	1
6562	2
6563	4
6564	0
6565	2
6566	3
6567	5
6568	1
6569	4
6570	4
6571	2
6572	2
6573	5
6574	2
6575	3
6576	7
6577	5
6578	1
6579	6
6580	3
6581	1
6582	7
6583	3
6584	3
6585	3
6586	4
6587	4
6588	2
6589	2
6590	3
6591	3
6592	1
6593	2
6594	2
6595	3
6596	5
6597	3
6598	2
6599	3
6600	2
6601	1
6602	6
6603	4
6604	5
6605	3
6606	1
6607	5
6608	2
6609	3
6610	3
6611	2
6612	5
6613	4
6614	2
6615	3
6616	1
6617	4
6618	1
6619	4
6620	2
6621	0
6622	3
6623	1
6624	3
6625	1
6626	4
6627	3
6628	3
6629	1
6630	2
6631	1
6632	5
6633	5
6634	4
6635	1
6636	6
6637	3
6638	6
6639	1
6640	2
6641	4
6642	7
6643	3
6644	5
6645	5
6646	4
6647	4
6648	1
6649	2
6650	0
6651	5
6652	6
6653	8
6654	3
6655	8
6656	4
6657	3
6658	3
6659	3
6660	1
6661	6
6662	4
6663	3
6664	1
6665	5
6666	6
6667	2
6668	2
6669	2
6670	2
6671	3
6672	1
6673	1
6674	3
6675	2
6676	7
6677	6
6678	2
6679	4
6680	4
6681	0
6682	6
6683	3
6684	6
6685	1
6686	4
6687	5
6688	2
6689	2
6690	4
6691	0
6692	1
6693	5
6694	4
6695	6
6696	0
6697	2
6698	4
6699	3
6700	4
6701	3
6702	2
6703	5
6704	2
6705	6
6706	2
6707	5
6708	4
6709	3
6710	4
6711	3
6712	5
6713	1
6714	2
6715	3
6716	5
6717	2
6718	1
6719	6
6720	5
6721	2
6722	4
6723	6
6724	4
6725	5
6726	6
6727	2
6728	3
6729	6
6730	5
6731	4
6732	4
6733	7
6734	10
6735	2
6736	4
6737	4
6738	4
6739	2
6740	5
6741	8
6742	5
6743	3
6744	4
6745	8
6746	3
6747	3
6748	7
6749	7
6750	3
6751	2
6752	6
6753	6
6754	7
6755	5
6756	2
6757	4
6758	1
6759	4
6760	5
6761	7
6762	8
6763	7
6764	5
6765	2
6766	8
6767	5
6768	5
6769	8
6770	2
6771	4
6772	5
6773	8
6774	4
6775	6
6776	7
6777	7
6778	1
6779	5
6780	3
6781	6
6782	5
6783	6
6784	6
6785	4
6786	4
6787	5
6788	6
6789	5
6790	5
6791	7
6792	5
6793	4
6794	3
6795	4
6796	8
6797	4
6798	6
6799	8
6800	3
6801	2
6802	4
6803	9
6804	7
6805	4
6806	2
6807	4
6808	7
6809	4
6810	3
6811	3
6812	4
6813	5
6814	7
6815	3
6816	7
6817	2
6818	8
6819	4
6820	6
6821	6
6822	10
6823	6
6824	5
6825	8
6826	5
6827	3
6828	5
6829	8
6830	7
6831	7
6832	9
6833	3
6834	6
6835	3
6836	8
6837	4
6838	4
6839	7
6840	7
6841	6
6842	6
6843	8
6844	8
6845	8
6846	6
6847	10
6848	7
6849	4
6850	8
6851	3
6852	4
6853	9
6854	7
6855	7
6856	5
6857	8
6858	3
6859	7
6860	7
6861	2
6862	5
6863	11
6864	3
6865	5
6866	6
6867	5
6868	7
6869	6
6870	4
6871	6
6872	5
6873	6
6874	11
6875	3
6876	6
6877	4
6878	3
6879	1
6880	6
6881	2
6882	9
6883	3
6884	5
6885	13
6886	6
6887	7
6888	7
6889	5
6890	3
6891	9
6892	11
6893	5
6894	11
6895	8
6896	7
6897	8
6898	7
6899	8
6900	8
6901	8
6902	8
6903	10
6904	6
6905	5
6906	6
6907	7
6908	11
6909	8
6910	11
6911	6
6912	6
6913	8
6914	11
6915	11
6916	8
6917	7
6918	16
6919	10
6920	8
6921	12
6922	8
6923	8
6924	7
6925	12
6926	10
6927	8
6928	6
6929	7
6930	9
6931	10
6932	8
6933	7
6934	6
6935	9
6936	12
6937	14
6938	8
6939	3
6940	10
6941	7
6942	11
6943	12
6944	9
6945	10
6946	7
6947	10
6948	11
6949	11
6950	12
6951	15
6952	11
6953	10
6954	17
6955	10
6956	12
6957	14
6958	13
6959	11
6960	13
6961	10
6962	11
6963	8
6964	14
6965	13
6966	11
6967	14
6968	8
6969	8
6970	7
6971	13
6972	14
6973	7
6974	11
6975	16
6976	13
6977	9
6978	16
6979	18
6980	12
6981	15
6982	9
6983	10
6984	16
6985	13
6986	16
6987	17
6988	5
6989	17
6990	19
6991	18
6992	15
6993	22
6994	13
6995	14
6996	7
6997	19
6998	16
6999	12
7000	8
7001	14
7002	14
7003	12
7004	15
7005	8
7006	14
7007	14
7008	21
7009	20
7010	13
7011	14
7012	25
7013	16
7014	14
7015	13
7016	15
7017	15
7018	18
7019	9
7020	12
7021	13
7022	12
7023	15
7024	12
7025	19
7026	18
7027	19
7028	19
7029	21
7030	19
7031	15
7032	20
7033	14
7034	12
7035	12
7036	7
7037	24
7038	20
7039	11
7040	14
7041	20
7042	21
7043	22
7044	19
7045	18
7046	18
7047	19
7048	10
7049	21
7050	15
7051	22
7052	23
7053	20
7054	14
7055	16
7056	24
7057	16
7058	23
7059	21
7060	11
7061	18
7062	19
7063	19
7064	23
7065	13
7066	19
7067	25
7068	17
7069	20
7070	25
7071	16
7072	21
7073	37
7074	12
7075	18
7076	19
7077	13
7078	16
7079	20
7080	18
7081	19
7082	21
7083	16
7084	27
7085	19
7086	23
7087	16
7088	22
7089	21
7090	24
7091	18
7092	25
7093	22
7094	25
7095	27
7096	17
7097	20
7098	24
7099	21
7100	17
7101	21
7102	26
7103	29
7104	12
7105	12
7106	25
7107	20
7108	12
7109	21
7110	21
7111	28
7112	21
7113	22
7114	27
7115	25
7116	24
7117	26
7118	34
7119	25
7120	22
7121	16
7122	26
7123	21
7124	34
7125	22
7126	27
7127	30
7128	20
7129	18
7130	25
7131	16
7132	27
7133	20
7134	23
7135	29
7136	30
7137	29
7138	31
7139	21
7140	24
7141	15
7142	32
7143	25
7144	24
7145	21
7146	22
7147	17
7148	22
7149	25
7150	27
7151	30
7152	30
7153	25
7154	19
7155	26
7156	32
7157	35
7158	34
7159	27
7160	16
7161	29
7162	33
7163	24
7164	33
7165	26
7166	37
7167	35
7168	24
7169	24
7170	33
7171	38
7172	30
7173	32
7174	31
7175	28
7176	27
7177	22
7178	23
7179	30
7180	26
7181	30
7182	31
7183	31
7184	39
7185	39
7186	27
7187	38
7188	39
7189	28
7190	29
7191	30
7192	28
7193	24
7194	31
7195	33
7196	33
7197	37
7198	24
7199	34
7200	35
7201	41
7202	33
7203	36
7204	26
7205	51
7206	26
7207	32
7208	37
7209	34
7210	41
7211	33
7212	23
7213	30
7214	39
7215	39
7216	34
7217	39
7218	36
7219	37
7220	32
7221	35
7222	33
7223	21
7224	29
7225	30
7226	27
7227	36
7228	39
7229	26
7230	50
7231	37
7232	36
7233	29
7234	32
7235	34
7236	25
7237	32
7238	43
7239	34
7240	32
7241	27
7242	39
7243	32
7244	39
7245	34
7246	31
7247	44
7248	36
7249	28
7250	43
7251	35
7252	43
7253	31
7254	33
7255	35
7256	33
7257	37
7258	33
7259	36
7260	32
7261	24
7262	28
7263	40
7264	35
7265	37
7266	31
7267	43
7268	40
7269	35
7270	39
7271	28
7272	45
7273	39
7274	39
7275	38
7276	39
7277	39
7278	33
7279	34
7280	35
7281	36
7282	23
7283	38
7284	42
7285	48
7286	44
7287	40
7288	39
7289	36
7290	38
7291	38
7292	53
7293	41
7294	50
7295	41
7296	39
7297	38
7298	36
7299	30
7300	26
7301	40
7302	38
7303	34
7304	39
7305	49
7306	38
7307	34
7308	35
7309	46
7310	42
7311	42
7312	36
7313	31
7314	37
7315	45
7316	29
7317	50
7318	30
7319	36
7320	50
7321	35
7322	44
7323	42
7324	42
7325	34
7326	44
7327	34
7328	46
7329	41
7330	42
7331	41
7332	48
7333	28
7334	38
7335	38
7336	45
7337	44
7338	62
7339	43
7340	38
7341	48
7342	28
7343	30
7344	41
7345	36
7346	36
7347	32
7348	39
7349	33
7350	40
7351	44
7352	36
7353	38
7354	54
7355	36
7356	40
7357	37
7358	38
7359	32
7360	52
7361	36
7362	45
7363	43
7364	52
7365	46
7366	45
7367	32
7368	35
7369	36
7370	41
7371	50
7372	42
7373	53
7374	39
7375	39
7376	37
7377	38
7378	36
7379	37
7380	36
7381	43
7382	42
7383	40
7384	35
7385	38
7386	43
7387	38
7388	44
7389	36
7390	57
7391	45
7392	36
7393	44
7394	44
7395	26
7396	46
7397	35
7398	45
7399	39
7400	46
7401	36
7402	39
7403	48
7404	44
7405	39
7406	41
7407	53
7408	40
7409	33
7410	39
7411	42
7412	37
7413	50
7414	34
7415	46
7416	45
7417	40
7418	36
7419	38
7420	41
7421	45
7422	41
7423	40
7424	44
7425	32
7426	42
7427	45
7428	48
7429	43
7430	35
7431	41
7432	39
7433	35
7434	50
7435	28
7436	33
7437	39
7438	44
7439	47
7440	32
7441	34
7442	43
7443	45
7444	42
7445	31
7446	40
7447	32
7448	34
7449	44
7450	40
7451	46
7452	30
7453	43
7454	43
7455	45
7456	47
7457	34
7458	50
7459	37
7460	39
7461	44
7462	35
7463	23
7464	34
7465	41
7466	40
7467	31
7468	34
7469	36
7470	37
7471	40
7472	35
7473	28
7474	32
7475	35
7476	39
7477	48
7478	41
7479	35
7480	42
7481	41
7482	39
7483	45
7484	36
7485	30
7486	49
7487	42
7488	39
7489	48
7490	46
7491	44
7492	25
7493	27
7494	40
7495	38
7496	40
7497	33
7498	41
7499	38
7500	45
7501	31
7502	40
7503	28
7504	33
7505	34
7506	29
7507	38
7508	37
7509	30
7510	27
7511	38
7512	27
7513	25
7514	37
7515	37
7516	33
7517	30
7518	33
7519	50
7520	25
7521	42
7522	20
7523	47
7524	40
7525	46
7526	35
7527	38
7528	38
7529	27
7530	37
7531	37
7532	33
7533	32
7534	42
7535	32
7536	35
7537	31
7538	49
7539	32
7540	27
7541	31
7542	27
7543	33
7544	34
7545	34
7546	25
7547	25
7548	28
7549	30
7550	31
7551	32
7552	29
7553	29
7554	32
7555	26
7556	38
7557	29
7558	39
7559	34
7560	29
7561	38
7562	30
7563	31
7564	40
7565	37
7566	35
7567	27
7568	23
7569	27
7570	31
7571	24
7572	29
7573	33
7574	36
7575	31
7576	20
7577	37
7578	34
7579	26
7580	26
7581	37
7582	29
7583	37
7584	26
7585	27
7586	25
7587	28
7588	19
7589	30
7590	29
7591	31
7592	19
7593	30
7594	30
7595	28
7596	28
7597	29
7598	28
7599	29
7600	31
7601	31
7602	32
7603	37
7604	29
7605	18
7606	35
7607	28
7608	30
7609	27
7610	35
7611	16
7612	28
7613	24
7614	24
7615	22
7616	21
7617	23
7618	25
7619	24
7620	24
7621	26
7622	26
7623	21
7624	26
7625	22
7626	35
7627	28
7628	30
7629	21
7630	20
7631	27
7632	33
7633	22
7634	26
7635	28
7636	21
7637	20
7638	24
7639	29
7640	28
7641	29
7642	22
7643	27
7644	23
7645	29
7646	25
7647	23
7648	22
7649	20
7650	23
7651	33
7652	27
7653	23
7654	17
7655	21
7656	21
7657	26
7658	24
7659	29
7660	17
7661	32
7662	17
7663	27
7664	19
7665	27
7666	26
7667	14
7668	29
7669	23
7670	15
7671	28
7672	21
7673	14
7674	18
7675	26
7676	28
7677	14
7678	24
7679	26
7680	22
7681	23
7682	19
7683	26
7684	18
7685	24
7686	11
7687	14
7688	21
7689	18
7690	17
7691	16
7692	27
7693	20
7694	19
7695	17
7696	17
7697	19
7698	14
7699	21
7700	28
7701	22
7702	31
7703	16
7704	26
7705	21
7706	20
7707	20
7708	16
7709	14
7710	22
7711	19
7712	15
7713	24
7714	22
7715	14
7716	22
7717	13
7718	13
7719	24
7720	19
7721	23
7722	18
7723	14
7724	11
7725	22
7726	17
7727	16
7728	13
7729	17
7730	18
7731	17
7732	14
7733	20
7734	16
7735	15
7736	14
7737	4
7738	17
7739	12
7740	20
7741	14
7742	13
7743	13
7744	12
7745	21
7746	21
7747	18
7748	15
7749	14
7750	16
7751	10
7752	9
7753	17
7754	21
7755	11
7756	16
7757	12
7758	25
7759	10
7760	14
7761	13
7762	16
7763	12
7764	15
7765	11
7766	9
7767	14
7768	13
7769	17
7770	14
7771	16
7772	14
7773	11
7774	13
7775	10
7776	12
7777	10
7778	10
7779	11
7780	14
7781	11
7782	9
7783	19
7784	16
7785	9
7786	11
7787	17
7788	11
7789	10
7790	10
7791	12
7792	16
7793	8
7794	4
7795	13
7796	10
7797	10
7798	11
7799	5
7800	11
7801	15
7802	7
7803	9
7804	10
7805	9
7806	7
7807	7
7808	15
7809	7
7810	10
7811	12
7812	3
7813	7
7814	8
7815	14
7816	11
7817	9
7818	6
7819	9
7820	6
7821	9
7822	10
7823	7
7824	5
7825	11
7826	6
7827	8
7828	5
7829	10
7830	8
7831	7
7832	8
7833	11
7834	6
7835	6
7836	6
7837	6
7838	10
7839	8
7840	7
7841	8
7842	7
7843	5
7844	6
7845	10
7846	6
7847	9
7848	3
7849	4
7850	4
7851	5
7852	10
7853	7
7854	4
7855	10
7856	9
7857	12
7858	8
7859	9
7860	11
7861	7
7862	7
7863	8
7864	6
7865	14
7866	7
7867	6
7868	5
7869	4
7870	8
7871	9
7872	8
7873	9
7874	5
7875	5
7876	7
7877	8
7878	15
7879	7
7880	6
7881	7
7882	4
7883	6
7884	7
7885	3
7886	10
7887	3
7888	10
7889	8
7890	6
7891	5
7892	5
7893	1
7894	2
7895	11
7896	7
7897	1
7898	6
7899	7
7900	9
7901	3
7902	7
7903	8
7904	6
7905	8
7906	4
7907	7
7908	10
7909	7
7910	7
7911	6
7912	9
7913	5
7914	2
7915	1
7916	6
7917	5
7918	3
7919	4
7920	4
7921	4
7922	8
7923	5
7924	5
7925	2
7926	2
7927	5
7928	7
7929	2
7930	6
7931	4
7932	8
7933	2
7934	6
7935	3
7936	7
7937	4
7938	3
7939	6
7940	7
7941	4
7942	11
7943	5
7944	1
7945	4
7946	3
7947	2
7948	5
7949	5
7950	5
7951	7
7952	3
7953	6
7954	3
7955	6
7956	2
7957	5
7958	5
7959	5
7960	1
7961	5
7962	3
7963	5
7964	2
7965	2
7966	4
7967	9
7968	4
7969	4
7970	5
7971	2
7972	5
7973	4
7974	2
7975	9
7976	4
7977	1
7978	4
7979	6
7980	9
7981	1
7982	5
7983	1
7984	7
7985	1
7986	4
7987	6
7988	1
7989	4
7990	3
7991	2
7992	2
7993	4
7994	3
7995	2
7996	5
7997	5
7998	1
7999	2
8000	1
8001	2
8002	4
8003	2
8004	6
8005	2
8006	6
8007	1
8008	3
8009	1
8010	0
8011	2
8012	4
8013	2
8014	4
8015	4
8016	6
8017	3
8018	6
8019	1
8020	1
8021	0
8022	2
8023	3
8024	5
8025	6
8026	3
8027	3
8028	2
8029	4
8030	3
8031	6
8032	5
8033	5
8034	2
8035	1
8036	4
8037	6
8038	6
8039	5
8040	4
8041	6
8042	2
8043	2
8044	4
8045	6
8046	1
8047	1
8048	4
8049	5
8050	4
8051	1
8052	4
8053	5
8054	3
8055	4
8056	3
8057	3
8058	5
8059	6
8060	5
8061	3
8062	5
8063	4
8064	6
8065	2
8066	2
8067	1
8068	3
8069	3
8070	4
8071	1
8072	2
8073	2
8074	1
8075	0
8076	1
8077	0
8078	0
8079	0
8080	0
8081	0
8082	0
8083	0
8084	0
8085	1
8086	0
8087	0
8088	0
8089	0
8090	0
8091	0
8092	0
8093	0
8094	0
8095	0
8096	0
8097	0
8098	0
8099	0
8100	0
8101	0
8102	1
8103	0
8104	0
8105	0
8106	0
8107	0
8108	0
8109	0
8110	0
8111	0
8112	0
8113	0
8114	0
8115	0
8116	0
8117	0
8118	0
8119	0
8120	0
8121	0
8122	0
8123	0
8124	0
8125	0
8126	0
8127	0
8128	0
8129	0
8130	0
8131	0
8132	0
8133	0
8134	0
8135	0
8136	0
8137	0
8138	0
8139	0
8140	0
8141	0
8142	0
8143	0
8144	0
8145	0
8146	0
8147	0
8148	0
8149	0
8150	0
8151	0
8152	0
8153	0
8154	0
8155	0
8156	0
8157	0
8158	0
8159	0
8160	0
8161	0
8162	0
8163	0
8164	0
8165	0
8166	0
8167	0
8168	0
8169	0
8170	0
8171	0
8172	0
8173	0
8174	0
8175	0
8176	0
8177	0
8178	0
8179	0
8180	0
8181	0
8182	0
8183	0
8184	0
8185	0
8186	0
8187	0
8188	0
8189	0
8190	0
8191	0
