0	0
1	0
2	0
3	0
4	0
5	0
6	0
7	0
8	0
9	0
10	0
11	0
12	0
13	0
14	0
15	0
16	0
17	0
18	0
19	0
20	0
21	0
22	0
23	0
24	0
25	0
26	0
27	0
28	0
29	0
30	0
31	0
32	0
33	0
34	0
35	0
36	0
37	0
38	0
39	0
40	0
41	0
42	0
43	0
44	0
45	0
46	1
47	9
48	12
49	16
50	16
51	15
52	12
53	12
54	12
55	20
56	11
57	20
58	13
59	17
60	21
61	11
62	14
63	13
64	22
65	11
66	16
67	15
68	13
69	10
70	12
71	18
72	16
73	20
74	19
75	13
76	17
77	8
78	18
79	18
80	12
81	12
82	16
83	16
84	15
85	18
86	16
87	18
88	18
89	15
90	20
91	19
92	12
93	18
94	19
95	21
96	19
97	6
98	12
99	26
100	9
101	18
102	19
103	22
104	14
105	11
106	25
107	11
108	22
109	18
110	19
111	16
112	18
113	14
114	11
115	16
116	17
117	10
118	13
119	16
120	17
121	5
122	13
123	16
124	14
125	10
126	13
127	22
128	26
129	8
130	14
131	10
132	13
133	22
134	14
135	18
136	19
137	17
138	18
139	20
140	10
141	17
142	11
143	14
144	15
145	14
146	6
147	16
148	19
149	11
150	12
151	18
152	10
153	17
154	20
155	13
156	19
157	17
158	17
159	15
160	14
161	13
162	20
163	16
164	17
165	11
166	20
167	15
168	20
169	19
170	15
171	18
172	10
173	21
174	12
175	12
176	21
177	15
178	18
179	25
180	6
181	15
182	18
183	16
184	18
185	12
186	24
187	16
188	14
189	15
190	21
191	15
192	15
193	25
194	12
195	9
196	13
197	18
198	12
199	16
200	13
201	19
202	33
203	12
204	9
205	16
206	16
207	18
208	16
209	15
210	19
211	13
212	16
213	22
214	22
215	13
216	21
217	24
218	16
219	19
220	19
221	17
222	23
223	18
224	13
225	14
226	20
227	11
228	15
229	17
230	14
231	16
232	16
233	19
234	16
235	16
236	15
237	18
238	10
239	19
240	10
241	24
242	12
243	15
244	18
245	17
246	16
247	15
248	18
249	19
250	14
251	19
252	15
253	16
254	20
255	18
256	21
257	14
258	18
259	14
260	20
261	17
262	11
263	17
264	17
265	20
266	19
267	17
268	15
269	19
270	21
271	19
272	22
273	23
274	20
275	13
276	20
277	19
278	14
279	20
280	14
281	14
282	25
283	16
284	17
285	15
286	23
287	16
288	17
289	23
290	20
291	21
292	25
293	10
294	20
295	20
296	20
297	18
298	10
299	15
300	22
301	21
302	15
303	18
304	22
305	22
306	21
307	14
308	13
309	17
310	18
311	24
312	14
313	19
314	25
315	19
316	30
317	17
318	19
319	29
320	19
321	14
322	22
323	20
324	20
325	16
326	19
327	23
328	29
329	21
330	17
331	13
332	17
333	16
334	18
335	32
336	21
337	29
338	19
339	16
340	26
341	16
342	28
343	17
344	22
345	22
346	22
347	27
348	20
349	28
350	14
351	21
352	30
353	17
354	24
355	19
356	14
357	13
358	18
359	26
360	28
361	19
362	16
363	17
364	24
365	18
366	22
367	21
368	23
369	20
370	24
371	17
372	26
373	25
374	22
375	18
376	28
377	25
378	29
379	17
380	23
381	12
382	21
383	19
384	16
385	21
386	27
387	23
388	20
389	24
390	13
391	22
392	19
393	22
394	16
395	20
396	15
397	14
398	20
399	13
400	21
401	19
402	23
403	19
404	23
405	18
406	22
407	28
408	22
409	20
410	24
411	20
412	18
413	22
414	17
415	22
416	16
417	23
418	18
419	22
420	19
421	17
422	20
423	19
424	19
425	15
426	18
427	21
428	23
429	10
430	22
431	21
432	17
433	18
434	10
435	20
436	18
437	22
438	27
439	19
440	27
441	14
442	23
443	11
444	20
445	22
446	21
447	13
448	16
449	17
450	22
451	31
452	17
453	19
454	17
455	21
456	16
457	15
458	15
459	23
460	20
461	19
462	25
463	18
464	21
465	17
466	26
467	27
468	21
469	26
470	26
471	32
472	21
473	26
474	18
475	24
476	17
477	18
478	21
479	20
480	16
481	15
482	11
483	22
484	16
485	20
486	18
487	18
488	18
489	22
490	25
491	23
492	19
493	28
494	20
495	27
496	21
497	23
498	20
499	23
500	19
501	33
502	28
503	17
504	17
505	25
506	24
507	24
508	20
509	24
510	19
511	24
512	16
513	26
514	18
515	21
516	22
517	19
518	20
519	12
520	21
521	12
522	16
523	19
524	19
525	28
526	19
527	16
528	24
529	23
530	18
531	21
532	19
533	13
534	13
535	10
536	20
537	20
538	27
539	18
540	19
541	18
542	19
543	23
544	19
545	18
546	21
547	25
548	11
549	21
550	24
551	15
552	21
553	15
554	21
555	12
556	23
557	22
558	25
559	18
560	24
561	19
562	22
563	25
564	23
565	28
566	19
567	26
568	18
569	22
570	16
571	23
572	21
573	21
574	29
575	22
576	16
577	23
578	23
579	24
580	27
581	15
582	26
583	26
584	19
585	15
586	21
587	20
588	19
589	15
590	37
591	24
592	19
593	19
594	15
595	23
596	19
597	22
598	16
599	23
600	22
601	25
602	15
603	23
604	21
605	30
606	21
607	28
608	25
609	27
610	16
611	24
612	18
613	20
614	18
615	14
616	32
617	25
618	21
619	20
620	26
621	18
622	26
623	18
624	31
625	24
626	20
627	24
628	23
629	19
630	26
631	18
632	23
633	28
634	24
635	25
636	19
637	24
638	17
639	20
640	18
641	19
642	22
643	24
644	22
645	19
646	25
647	25
648	25
649	19
650	17
651	20
652	22
653	21
654	30
655	25
656	16
657	21
658	11
659	24
660	30
661	14
662	21
663	24
664	18
665	19
666	25
667	12
668	21
669	18
670	23
671	27
672	23
673	14
674	28
675	26
676	22
677	23
678	22
679	27
680	19
681	23
682	14
683	25
684	25
685	23
686	25
687	19
688	24
689	18
690	21
691	24
692	20
693	18
694	28
695	25
696	32
697	25
698	22
699	25
700	22
701	22
702	13
703	28
704	27
705	14
706	31
707	23
708	23
709	18
710	27
711	26
712	32
713	32
714	24
715	26
716	19
717	26
718	29
719	25
720	32
721	28
722	37
723	18
724	23
725	24
726	18
727	29
728	25
729	28
730	23
731	27
732	24
733	27
734	22
735	33
736	20
737	22
738	16
739	23
740	19
741	23
742	26
743	20
744	31
745	25
746	26
747	24
748	28
749	22
750	20
751	26
752	27
753	18
754	23
755	32
756	26
757	28
758	33
759	37
760	25
761	33
762	35
763	30
764	35
765	30
766	27
767	31
768	25
769	33
770	17
771	19
772	21
773	19
774	25
775	20
776	26
777	24
778	30
779	21
780	34
781	23
782	22
783	24
784	29
785	22
786	29
787	30
788	33
789	21
790	24
791	27
792	31
793	28
794	23
795	20
796	25
797	37
798	20
799	30
800	29
801	31
802	26
803	31
804	26
805	25
806	23
807	37
808	27
809	34
810	32
811	29
812	31
813	29
814	32
815	25
816	35
817	35
818	33
819	34
820	25
821	29
822	33
823	25
824	32
825	28
826	25
827	31
828	22
829	33
830	24
831	28
832	28
833	28
834	45
835	30
836	33
837	34
838	31
839	21
840	26
841	33
842	30
843	36
844	31
845	23
846	24
847	22
848	30
849	28
850	25
851	30
852	33
853	29
854	33
855	35
856	37
857	27
858	28
859	31
860	29
861	27
862	30
863	26
864	29
865	25
866	32
867	36
868	20
869	14
870	23
871	28
872	30
873	32
874	20
875	35
876	27
877	32
878	25
879	34
880	27
881	37
882	20
883	21
884	37
885	35
886	33
887	24
888	25
889	22
890	34
891	32
892	21
893	24
894	35
895	25
896	24
897	28
898	41
899	33
900	26
901	22
902	26
903	26
904	24
905	32
906	31
907	29
908	15
909	23
910	39
911	28
912	24
913	35
914	31
915	42
916	27
917	26
918	31
919	42
920	27
921	28
922	36
923	40
924	36
925	30
926	38
927	29
928	41
929	39
930	37
931	36
932	36
933	30
934	27
935	37
936	42
937	30
938	27
939	38
940	40
941	30
942	25
943	29
944	37
945	34
946	21
947	30
948	25
949	36
950	42
951	37
952	27
953	37
954	34
955	45
956	35
957	41
958	32
959	33
960	39
961	27
962	34
963	41
964	33
965	40
966	25
967	33
968	18
969	40
970	37
971	44
972	34
973	28
974	23
975	37
976	25
977	34
978	33
979	37
980	24
981	44
982	38
983	34
984	36
985	32
986	38
987	45
988	33
989	33
990	29
991	32
992	34
993	27
994	39
995	31
996	38
997	40
998	39
999	47
1000	34
1001	37
1002	35
1003	49
1004	35
1005	33
1006	36
1007	42
1008	29
1009	39
1010	45
1011	38
1012	40
1013	35
1014	33
1015	35
1016	30
1017	24
1018	41
1019	24
1020	38
1021	37
1022	30
1023	36
1024	37
1025	33
1026	34
1027	55
1028	31
1029	46
1030	44
1031	37
1032	38
1033	36
1034	45
1035	34
1036	28
1037	44
1038	38
1039	44
1040	48
1041	41
1042	31
1043	30
1044	41
1045	37
1046	40
1047	48
1048	30
1049	39
1050	37
1051	34
1052	31
1053	39
1054	42
1055	34
1056	50
1057	34
1058	47
1059	43
1060	35
1061	43
1062	36
1063	43
1064	41
1065	40
1066	38
1067	29
1068	34
1069	35
1070	38
1071	49
1072	35
1073	38
1074	44
1075	37
1076	38
1077	26
1078	39
1079	40
1080	27
1081	39
1082	36
1083	44
1084	32
1085	41
1086	44
1087	37
1088	36
1089	37
1090	36
1091	36
1092	45
1093	40
1094	32
1095	20
1096	25
1097	39
1098	34
1099	35
1100	30
1101	37
1102	32
1103	36
1104	36
1105	27
1106	31
1107	45
1108	31
1109	35
1110	49
1111	33
1112	35
1113	36
1114	37
1115	32
1116	37
1117	38
1118	41
1119	28
1120	41
1121	41
1122	42
1123	30
1124	35
1125	36
1126	35
1127	44
1128	28
1129	54
1130	43
1131	27
1132	38
1133	30
1134	33
1135	39
1136	32
1137	34
1138	34
1139	36
1140	35
1141	40
1142	31
1143	40
1144	34
1145	33
1146	33
1147	31
1148	33
1149	29
1150	28
1151	42
1152	42
1153	35
1154	45
1155	40
1156	55
1157	41
1158	31
1159	41
1160	37
1161	33
1162	43
1163	44
1164	28
1165	42
1166	47
1167	42
1168	30
1169	41
1170	41
1171	29
1172	43
1173	37
1174	21
1175	26
1176	44
1177	33
1178	46
1179	40
1180	32
1181	25
1182	42
1183	50
1184	42
1185	39
1186	40
1187	29
1188	35
1189	26
1190	41
1191	32
1192	39
1193	42
1194	38
1195	48
1196	44
1197	37
1198	40
1199	36
1200	41
1201	31
1202	25
1203	44
1204	43
1205	42
1206	46
1207	42
1208	35
1209	30
1210	36
1211	51
1212	36
1213	40
1214	39
1215	39
1216	29
1217	42
1218	47
1219	34
1220	36
1221	41
1222	39
1223	33
1224	30
1225	40
1226	49
1227	35
1228	40
1229	33
1230	52
1231	36
1232	37
1233	38
1234	39
1235	38
1236	40
1237	39
1238	35
1239	47
1240	42
1241	32
1242	30
1243	40
1244	49
1245	45
1246	37
1247	32
1248	45
1249	41
1250	37
1251	41
1252	36
1253	40
1254	42
1255	43
1256	29
1257	37
1258	34
1259	37
1260	26
1261	44
1262	43
1263	26
1264	33
1265	28
1266	32
1267	24
1268	37
1269	29
1270	35
1271	36
1272	35
1273	30
1274	40
1275	37
1276	35
1277	31
1278	31
1279	32
1280	36
1281	34
1282	30
1283	37
1284	30
1285	27
1286	37
1287	43
1288	33
1289	31
1290	37
1291	29
1292	35
1293	37
1294	39
1295	29
1296	32
1297	36
1298	41
1299	35
1300	38
1301	33
1302	42
1303	37
1304	36
1305	33
1306	29
1307	42
1308	43
1309	40
1310	36
1311	41
1312	42
1313	39
1314	29
1315	33
1316	41
1317	42
1318	38
1319	44
1320	36
1321	52
1322	37
1323	41
1324	35
1325	37
1326	33
1327	39
1328	33
1329	41
1330	31
1331	31
1332	33
1333	39
1334	31
1335	40
1336	30
1337	36
1338	32
1339	29
1340	35
1341	36
1342	34
1343	43
1344	37
1345	49
1346	35
1347	34
1348	30
1349	34
1350	38
1351	22
1352	31
1353	34
1354	40
1355	41
1356	41
1357	33
1358	44
1359	28
1360	37
1361	30
1362	29
1363	21
1364	40
1365	37
1366	27
1367	36
1368	39
1369	43
1370	45
1371	33
1372	32
1373	35
1374	31
1375	33
1376	40
1377	48
1378	45
1379	33
1380	35
1381	35
1382	31
1383	33
1384	39
1385	28
1386	31
1387	28
1388	32
1389	55
1390	32
1391	28
1392	39
1393	36
1394	34
1395	30
1396	39
1397	22
1398	39
1399	45
1400	33
1401	31
1402	38
1403	38
1404	43
1405	43
1406	40
1407	36
1408	37
1409	41
1410	39
1411	23
1412	33
1413	36
1414	32
1415	35
1416	41
1417	42
1418	36
1419	39
1420	28
1421	34
1422	35
1423	31
1424	30
1425	36
1426	37
1427	37
1428	39
1429	40
1430	35
1431	34
1432	40
1433	39
1434	40
1435	39
1436	31
1437	37
1438	45
1439	31
1440	34
1441	38
1442	36
1443	39
1444	29
1445	34
1446	43
1447	27
1448	41
1449	39
1450	40
1451	43
1452	39
1453	39
1454	36
1455	41
1456	41
1457	36
1458	41
1459	34
1460	32
1461	45
1462	29
1463	48
1464	23
1465	43
1466	33
1467	36
1468	39
1469	41
1470	29
1471	31
1472	32
1473	36
1474	42
1475	33
1476	42
1477	38
1478	29
1479	29
1480	46
1481	39
1482	44
1483	37
1484	42
1485	34
1486	33
1487	44
1488	34
1489	38
1490	28
1491	34
1492	50
1493	41
1494	38
1495	40
1496	29
1497	29
1498	29
1499	27
1500	25
1501	36
1502	36
1503	36
1504	38
1505	27
1506	32
1507	36
1508	36
1509	53
1510	37
1511	42
1512	49
1513	30
1514	33
1515	36
1516	31
1517	36
1518	30
1519	35
1520	39
1521	36
1522	40
1523	29
1524	36
1525	34
1526	37
1527	29
1528	36
1529	47
1530	35
1531	31
1532	27
1533	19
1534	39
1535	42
1536	43
1537	36
1538	35
1539	35
1540	28
1541	36
1542	39
1543	27
1544	32
1545	44
1546	34
1547	24
1548	32
1549	50
1550	36
1551	42
1552	41
1553	38
1554	45
1555	33
1556	36
1557	33
1558	41
1559	28
1560	35
1561	33
1562	28
1563	35
1564	36
1565	36
1566	37
1567	37
1568	42
1569	42
1570	43
1571	37
1572	26
1573	38
1574	37
1575	46
1576	34
1577	32
1578	37
1579	29
1580	37
1581	36
1582	31
1583	26
1584	31
1585	47
1586	28
1587	29
1588	44
1589	31
1590	34
1591	34
1592	34
1593	37
1594	28
1595	49
1596	29
1597	30
1598	34
1599	40
1600	41
1601	41
1602	45
1603	26
1604	35
1605	37
1606	32
1607	41
1608	39
1609	25
1610	40
1611	40
1612	31
1613	39
1614	33
1615	40
1616	45
1617	41
1618	33
1619	36
1620	32
1621	36
1622	32
1623	35
1624	33
1625	46
1626	30
1627	37
1628	51
1629	28
1630	31
1631	27
1632	33
1633	36
1634	41
1635	36
1636	39
1637	29
1638	27
1639	36
1640	39
1641	32
1642	41
1643	42
1644	41
1645	38
1646	41
1647	31
1648	37
1649	29
1650	23
1651	42
1652	40
1653	39
1654	38
1655	51
1656	32
1657	34
1658	33
1659	35
1660	34
1661	43
1662	38
1663	31
1664	37
1665	38
1666	38
1667	41
1668	38
1669	34
1670	34
1671	37
1672	38
1673	31
1674	34
1675	39
1676	39
1677	49
1678	33
1679	46
1680	34
1681	26
1682	30
1683	27
1684	32
1685	48
1686	24
1687	35
1688	48
1689	40
1690	30
1691	38
1692	35
1693	38
1694	29
1695	34
1696	32
1697	35
1698	26
1699	29
1700	34
1701	27
1702	33
1703	35
1704	30
1705	37
1706	25
1707	35
1708	32
1709	41
1710	31
1711	42
1712	45
1713	38
1714	26
1715	35
1716	33
1717	26
1718	25
1719	39
1720	33
1721	42
1722	34
1723	31
1724	33
1725	34
1726	30
1727	25
1728	45
1729	30
1730	30
1731	42
1732	33
1733	31
1734	33
1735	35
1736	43
1737	34
1738	41
1739	37
1740	34
1741	36
1742	38
1743	43
1744	30
1745	29
1746	37
1747	42
1748	41
1749	41
1750	39
1751	42
1752	25
1753	31
1754	23
1755	45
1756	41
1757	44
1758	34
1759	45
1760	27
1761	43
1762	33
1763	30
1764	29
1765	43
1766	36
1767	46
1768	34
1769	30
1770	33
1771	31
1772	44
1773	43
1774	34
1775	35
1776	39
1777	40
1778	27
1779	31
1780	28
1781	31
1782	34
1783	36
1784	25
1785	31
1786	23
1787	36
1788	30
1789	43
1790	42
1791	37
1792	33
1793	28
1794	48
1795	27
1796	44
1797	34
1798	31
1799	38
1800	33
1801	31
1802	45
1803	29
1804	26
1805	38
1806	36
1807	45
1808	40
1809	36
1810	33
1811	33
1812	31
1813	40
1814	35
1815	34
1816	34
1817	38
1818	38
1819	29
1820	45
1821	34
1822	33
1823	49
1824	30
1825	38
1826	42
1827	26
1828	42
1829	37
1830	34
1831	26
1832	35
1833	38
1834	37
1835	38
1836	30
1837	37
1838	25
1839	31
1840	32
1841	37
1842	21
1843	37
1844	36
1845	33
1846	32
1847	31
1848	33
1849	35
1850	25
1851	50
1852	45
1853	41
1854	38
1855	40
1856	37
1857	31
1858	33
1859	32
1860	23
1861	41
1862	37
1863	33
1864	38
1865	34
1866	30
1867	33
1868	22
1869	43
1870	32
1871	24
1872	35
1873	32
1874	35
1875	23
1876	28
1877	26
1878	35
1879	33
1880	40
1881	41
1882	40
1883	27
1884	31
1885	26
1886	49
1887	33
1888	23
1889	31
1890	45
1891	39
1892	29
1893	31
1894	17
1895	37
1896	35
1897	34
1898	48
1899	30
1900	37
1901	43
1902	36
1903	36
1904	34
1905	31
1906	40
1907	35
1908	31
1909	32
1910	27
1911	29
1912	42
1913	29
1914	32
1915	30
1916	37
1917	38
1918	39
1919	33
1920	43
1921	27
1922	36
1923	38
1924	22
1925	27
1926	35
1927	29
1928	38
1929	38
1930	33
1931	29
1932	29
1933	36
1934	35
1935	40
1936	41
1937	33
1938	31
1939	34
1940	36
1941	24
1942	34
1943	29
1944	40
1945	24
1946	29
1947	28
1948	28
1949	34
1950	25
1951	36
1952	32
1953	46
1954	31
1955	32
1956	20
1957	24
1958	38
1959	30
1960	27
1961	27
1962	23
1963	32
1964	45
1965	50
1966	31
1967	25
1968	37
1969	35
1970	33
1971	35
1972	35
1973	39
1974	20
1975	36
1976	30
1977	21
1978	41
1979	39
1980	22
1981	37
1982	33
1983	27
1984	37
1985	21
1986	27
1987	29
1988	18
1989	33
1990	41
1991	30
1992	41
1993	36
1994	24
1995	32
1996	24
1997	27
1998	37
1999	26
2000	33
2001	26
2002	37
2003	30
2004	36
2005	38
2006	26
2007	29
2008	39
2009	27
2010	36
2011	32
2012	40
2013	37
2014	40
2015	40
2016	29
2017	27
2018	36
2019	39
2020	38
2021	38
2022	36
2023	26
2024	35
2025	32
2026	36
2027	37
2028	35
2029	24
2030	37
2031	33
2032	27
2033	43
2034	32
2035	34
2036	38
2037	26
2038	29
2039	42
2040	32
2041	48
2042	37
2043	26
2044	28
2045	27
2046	38
2047	30
2048	20
2049	32
2050	35
2051	27
2052	37
2053	23
2054	27
2055	30
2056	29
2057	38
2058	30
2059	37
2060	51
2061	31
2062	43
2063	28
2064	28
2065	39
2066	24
2067	28
2068	23
2069	16
2070	33
2071	33
2072	26
2073	22
2074	33
2075	36
2076	36
2077	29
2078	40
2079	39
2080	33
2081	35
2082	29
2083	33
2084	25
2085	27
2086	25
2087	30
2088	25
2089	27
2090	37
2091	26
2092	33
2093	32
2094	30
2095	30
2096	25
2097	26
2098	34
2099	31
2100	33
2101	32
2102	28
2103	38
2104	28
2105	35
2106	36
2107	24
2108	27
2109	32
2110	33
2111	23
2112	22
2113	35
2114	33
2115	39
2116	40
2117	27
2118	30
2119	33
2120	35
2121	29
2122	38
2123	26
2124	30
2125	32
2126	28
2127	26
2128	27
2129	24
2130	39
2131	28
2132	29
2133	35
2134	38
2135	31
2136	41
2137	36
2138	35
2139	28
2140	37
2141	27
2142	26
2143	31
2144	27
2145	36
2146	28
2147	26
2148	24
2149	30
2150	37
2151	25
2152	30
2153	28
2154	35
2155	34
2156	30
2157	27
2158	21
2159	31
2160	28
2161	31
2162	26
2163	28
2164	29
2165	32
2166	30
2167	23
2168	28
2169	39
2170	34
2171	24
2172	29
2173	33
2174	36
2175	31
2176	23
2177	37
2178	35
2179	40
2180	33
2181	28
2182	24
2183	39
2184	33
2185	27
2186	38
2187	33
2188	38
2189	34
2190	33
2191	30
2192	33
2193	33
2194	31
2195	41
2196	33
2197	27
2198	39
2199	32
2200	25
2201	29
2202	28
2203	35
2204	36
2205	36
2206	27
2207	25
2208	29
2209	27
2210	29
2211	38
2212	24
2213	36
2214	37
2215	28
2216	33
2217	33
2218	31
2219	32
2220	37
2221	29
2222	20
2223	40
2224	33
2225	30
2226	26
2227	37
2228	28
2229	28
2230	32
2231	24
2232	24
2233	28
2234	25
2235	28
2236	24
2237	36
2238	34
2239	36
2240	27
2241	31
2242	24
2243	35
2244	28
2245	24
2246	24
2247	38
2248	32
2249	28
2250	39
2251	29
2252	35
2253	19
2254	35
2255	37
2256	29
2257	25
2258	25
2259	39
2260	35
2261	35
2262	20
2263	25
2264	39
2265	34
2266	31
2267	37
2268	30
2269	31
2270	25
2271	31
2272	39
2273	29
2274	30
2275	37
2276	31
2277	35
2278	33
2279	42
2280	26
2281	27
2282	31
2283	25
2284	29
2285	25
2286	22
2287	41
2288	16
2289	26
2290	35
2291	48
2292	24
2293	29
2294	23
2295	34
2296	27
2297	39
2298	31
2299	41
2300	34
2301	31
2302	36
2303	25
2304	32
2305	32
2306	31
2307	36
2308	30
2309	33
2310	37
2311	32
2312	29
2313	42
2314	51
2315	30
2316	32
2317	38
2318	39
2319	29
2320	35
2321	31
2322	31
2323	40
2324	24
2325	37
2326	32
2327	25
2328	24
2329	29
2330	31
2331	50
2332	40
2333	37
2334	39
2335	37
2336	38
2337	34
2338	42
2339	31
2340	38
2341	39
2342	30
2343	38
2344	36
2345	31
2346	32
2347	26
2348	38
2349	32
2350	32
2351	31
2352	36
2353	31
2354	44
2355	35
2356	38
2357	48
2358	39
2359	35
2360	39
2361	42
2362	40
2363	41
2364	32
2365	32
2366	54
2367	32
2368	38
2369	43
2370	41
2371	39
2372	29
2373	40
2374	42
2375	37
2376	34
2377	39
2378	38
2379	42
2380	31
2381	35
2382	39
2383	27
2384	36
2385	38
2386	28
2387	42
2388	39
2389	36
2390	34
2391	41
2392	30
2393	36
2394	28
2395	41
2396	28
2397	26
2398	38
2399	32
2400	32
2401	46
2402	29
2403	28
2404	37
2405	32
2406	38
2407	28
2408	29
2409	31
2410	33
2411	31
2412	33
2413	34
2414	34
2415	37
2416	38
2417	36
2418	34
2419	30
2420	38
2421	46
2422	33
2423	28
2424	34
2425	33
2426	41
2427	36
2428	33
2429	27
2430	37
2431	35
2432	46
2433	27
2434	37
2435	48
2436	30
2437	53
2438	30
2439	38
2440	44
2441	42
2442	33
2443	37
2444	34
2445	33
2446	34
2447	40
2448	27
2449	34
2450	48
2451	36
2452	37
2453	40
2454	35
2455	36
2456	28
2457	39
2458	37
2459	34
2460	28
2461	36
2462	46
2463	32
2464	29
2465	29
2466	37
2467	27
2468	30
2469	44
2470	42
2471	41
2472	31
2473	28
2474	41
2475	44
2476	37
2477	40
2478	36
2479	37
2480	32
2481	45
2482	34
2483	42
2484	41
2485	27
2486	25
2487	40
2488	32
2489	41
2490	18
2491	36
2492	34
2493	26
2494	26
2495	27
2496	41
2497	46
2498	43
2499	31
2500	28
2501	40
2502	22
2503	27
2504	25
2505	40
2506	32
2507	30
2508	26
2509	30
2510	25
2511	27
2512	28
2513	36
2514	27
2515	26
2516	31
2517	29
2518	33
2519	35
2520	40
2521	29
2522	35
2523	29
2524	41
2525	22
2526	34
2527	49
2528	29
2529	41
2530	35
2531	35
2532	33
2533	33
2534	29
2535	47
2536	35
2537	32
2538	17
2539	23
2540	29
2541	29
2542	30
2543	43
2544	26
2545	38
2546	34
2547	38
2548	30
2549	26
2550	37
2551	36
2552	32
2553	36
2554	21
2555	41
2556	29
2557	33
2558	34
2559	26
2560	25
2561	46
2562	35
2563	28
2564	26
2565	43
2566	34
2567	33
2568	37
2569	36
2570	26
2571	27
2572	39
2573	28
2574	36
2575	24
2576	37
2577	41
2578	37
2579	30
2580	38
2581	33
2582	30
2583	32
2584	31
2585	40
2586	27
2587	44
2588	31
2589	28
2590	30
2591	32
2592	24
2593	43
2594	31
2595	23
2596	29
2597	38
2598	32
2599	35
2600	34
2601	41
2602	29
2603	26
2604	34
2605	22
2606	26
2607	35
2608	37
2609	36
2610	32
2611	38
2612	31
2613	29
2614	24
2615	43
2616	32
2617	41
2618	22
2619	31
2620	32
2621	31
2622	24
2623	23
2624	39
2625	23
2626	26
2627	39
2628	23
2629	28
2630	23
2631	31
2632	29
2633	34
2634	24
2635	32
2636	24
2637	28
2638	32
2639	28
2640	33
2641	32
2642	36
2643	36
2644	18
2645	34
2646	42
2647	35
2648	35
2649	21
2650	29
2651	30
2652	38
2653	38
2654	41
2655	25
2656	38
2657	29
2658	22
2659	23
2660	30
2661	34
2662	40
2663	40
2664	33
2665	23
2666	19
2667	41
2668	34
2669	33
2670	28
2671	31
2672	35
2673	29
2674	27
2675	32
2676	33
2677	36
2678	35
2679	35
2680	42
2681	24
2682	43
2683	28
2684	32
2685	31
2686	28
2687	24
2688	22
2689	39
2690	42
2691	31
2692	26
2693	28
2694	30
2695	25
2696	23
2697	34
2698	25
2699	34
2700	28
2701	32
2702	28
2703	39
2704	32
2705	29
2706	41
2707	32
2708	24
2709	35
2710	31
2711	38
2712	21
2713	38
2714	18
2715	30
2716	22
2717	26
2718	26
2719	21
2720	24
2721	31
2722	16
2723	35
2724	21
2725	34
2726	40
2727	33
2728	32
2729	23
2730	23
2731	19
2732	25
2733	32
2734	25
2735	30
2736	29
2737	33
2738	35
2739	33
2740	21
2741	35
2742	27
2743	27
2744	28
2745	30
2746	27
2747	33
2748	30
2749	28
2750	23
2751	28
2752	30
2753	42
2754	29
2755	38
2756	33
2757	33
2758	31
2759	24
2760	19
2761	26
2762	29
2763	30
2764	24
2765	24
2766	24
2767	27
2768	30
2769	24
2770	20
2771	36
2772	24
2773	31
2774	21
2775	31
2776	27
2777	29
2778	35
2779	35
2780	30
2781	30
2782	39
2783	33
2784	27
2785	32
2786	19
2787	30
2788	30
2789	21
2790	27
2791	43
2792	37
2793	31
2794	20
2795	37
2796	37
2797	23
2798	24
2799	25
2800	33
2801	22
2802	30
2803	30
2804	41
2805	28
2806	37
2807	31
2808	34
2809	28
2810	34
2811	32
2812	20
2813	32
2814	35
2815	26
2816	28
2817	24
2818	28
2819	25
2820	26
2821	23
2822	30
2823	27
2824	17
2825	36
2826	34
2827	24
2828	29
2829	34
2830	31
2831	30
2832	26
2833	26
2834	28
2835	28
2836	22
2837	27
2838	34
2839	22
2840	33
2841	24
2842	20
2843	25
2844	32
2845	35
2846	28
2847	36
2848	33
2849	32
2850	23
2851	29
2852	34
2853	36
2854	28
2855	26
2856	26
2857	26
2858	28
2859	19
2860	23
2861	26
2862	27
2863	27
2864	36
2865	22
2866	33
2867	27
2868	32
2869	31
2870	26
2871	20
2872	30
2873	25
2874	29
2875	24
2876	32
2877	28
2878	30
2879	23
2880	24
2881	26
2882	29
2883	24
2884	35
2885	23
2886	22
2887	19
2888	27
2889	26
2890	21
2891	29
2892	26
2893	24
2894	34
2895	20
2896	31
2897	32
2898	46
2899	28
2900	26
2901	19
2902	15
2903	28
2904	31
2905	26
2906	17
2907	27
2908	22
2909	27
2910	29
2911	29
2912	23
2913	28
2914	28
2915	22
2916	30
2917	27
2918	24
2919	31
2920	28
2921	29
2922	25
2923	31
2924	31
2925	25
2926	23
2927	20
2928	33
2929	26
2930	28
2931	23
2932	35
2933	25
2934	28
2935	28
2936	29
2937	22
2938	26
2939	26
2940	33
2941	21
2942	25
2943	26
2944	24
2945	19
2946	32
2947	24
2948	25
2949	33
2950	18
2951	20
2952	30
2953	25
2954	26
2955	18
2956	26
2957	31
2958	24
2959	20
2960	19
2961	34
2962	34
2963	28
2964	34
2965	24
2966	30
2967	30
2968	33
2969	28
2970	35
2971	33
2972	25
2973	29
2974	21
2975	20
2976	28
2977	19
2978	23
2979	19
2980	32
2981	26
2982	32
2983	31
2984	25
2985	30
2986	17
2987	29
2988	20
2989	24
2990	35
2991	35
2992	24
2993	20
2994	21
2995	29
2996	33
2997	24
2998	21
2999	27
3000	35
3001	22
3002	29
3003	27
3004	29
3005	24
3006	25
3007	22
3008	31
3009	23
3010	32
3011	24
3012	27
3013	25
3014	26
3015	25
3016	27
3017	32
3018	28
3019	23
3020	26
3021	23
3022	24
3023	33
3024	19
3025	29
3026	18
3027	27
3028	35
3029	20
3030	24
3031	24
3032	27
3033	26
3034	23
3035	31
3036	21
3037	30
3038	35
3039	19
3040	23
3041	23
3042	20
3043	26
3044	28
3045	28
3046	23
3047	21
3048	27
3049	27
3050	34
3051	26
3052	30
3053	34
3054	26
3055	21
3056	22
3057	26
3058	28
3059	24
3060	28
3061	23
3062	20
3063	25
3064	29
3065	27
3066	21
3067	25
3068	20
3069	30
3070	32
3071	29
3072	19
3073	25
3074	21
3075	27
3076	31
3077	21
3078	23
3079	25
3080	22
3081	27
3082	25
3083	20
3084	27
3085	21
3086	31
3087	23
3088	16
3089	28
3090	24
3091	28
3092	27
3093	25
3094	29
3095	25
3096	34
3097	23
3098	39
3099	32
3100	34
3101	25
3102	18
3103	27
3104	24
3105	24
3106	26
3107	25
3108	17
3109	21
3110	28
3111	31
3112	31
3113	25
3114	22
3115	17
3116	28
3117	28
3118	38
3119	21
3120	40
3121	30
3122	19
3123	31
3124	26
3125	30
3126	24
3127	28
3128	19
3129	24
3130	22
3131	20
3132	23
3133	31
3134	26
3135	19
3136	23
3137	28
3138	18
3139	24
3140	27
3141	29
3142	21
3143	23
3144	21
3145	28
3146	19
3147	25
3148	19
3149	28
3150	22
3151	30
3152	24
3153	27
3154	20
3155	19
3156	27
3157	20
3158	20
3159	27
3160	22
3161	37
3162	26
3163	22
3164	18
3165	24
3166	26
3167	26
3168	21
3169	23
3170	30
3171	26
3172	29
3173	31
3174	32
3175	30
3176	24
3177	29
3178	25
3179	31
3180	39
3181	25
3182	24
3183	27
3184	20
3185	25
3186	29
3187	19
3188	20
3189	22
3190	27
3191	25
3192	32
3193	34
3194	26
3195	27
3196	26
3197	22
3198	30
3199	24
3200	25
3201	27
3202	25
3203	28
3204	20
3205	31
3206	31
3207	35
3208	27
3209	27
3210	14
3211	27
3212	24
3213	14
3214	25
3215	25
3216	25
3217	30
3218	21
3219	22
3220	21
3221	21
3222	17
3223	24
3224	17
3225	22
3226	17
3227	29
3228	32
3229	22
3230	19
3231	30
3232	27
3233	26
3234	29
3235	24
3236	19
3237	25
3238	17
3239	20
3240	33
3241	18
3242	26
3243	19
3244	34
3245	30
3246	28
3247	27
3248	20
3249	27
3250	31
3251	25
3252	21
3253	34
3254	33
3255	23
3256	28
3257	34
3258	24
3259	31
3260	23
3261	21
3262	23
3263	20
3264	29
3265	31
3266	24
3267	33
3268	25
3269	19
3270	31
3271	21
3272	21
3273	13
3274	31
3275	23
3276	28
3277	32
3278	23
3279	24
3280	23
3281	23
3282	17
3283	25
3284	23
3285	25
3286	18
3287	23
3288	29
3289	28
3290	29
3291	21
3292	28
3293	15
3294	23
3295	33
3296	23
3297	19
3298	26
3299	19
3300	21
3301	18
3302	27
3303	21
3304	29
3305	21
3306	28
3307	19
3308	26
3309	32
3310	23
3311	33
3312	21
3313	25
3314	16
3315	15
3316	27
3317	26
3318	26
3319	28
3320	19
3321	16
3322	25
3323	17
3324	20
3325	17
3326	21
3327	26
3328	22
3329	34
3330	29
3331	19
3332	17
3333	29
3334	23
3335	15
3336	30
3337	23
3338	32
3339	23
3340	24
3341	31
3342	29
3343	23
3344	26
3345	31
3346	22
3347	16
3348	13
3349	20
3350	27
3351	24
3352	23
3353	35
3354	23
3355	26
3356	18
3357	27
3358	17
3359	19
3360	21
3361	23
3362	18
3363	21
3364	35
3365	22
3366	22
3367	23
3368	28
3369	10
3370	32
3371	32
3372	26
3373	25
3374	28
3375	14
3376	23
3377	20
3378	13
3379	27
3380	19
3381	14
3382	21
3383	31
3384	30
3385	23
3386	19
3387	16
3388	24
3389	21
3390	30
3391	15
3392	24
3393	22
3394	18
3395	14
3396	17
3397	24
3398	22
3399	21
3400	24
3401	26
3402	24
3403	29
3404	17
3405	18
3406	19
3407	21
3408	20
3409	25
3410	32
3411	27
3412	25
3413	20
3414	19
3415	26
3416	20
3417	33
3418	20
3419	35
3420	19
3421	19
3422	15
3423	24
3424	13
3425	21
3426	24
3427	22
3428	23
3429	19
3430	13
3431	26
3432	30
3433	16
3434	14
3435	26
3436	19
3437	22
3438	20
3439	22
3440	17
3441	21
3442	27
3443	25
3444	21
3445	24
3446	30
3447	24
3448	20
3449	22
3450	19
3451	18
3452	25
3453	16
3454	20
3455	18
3456	26
3457	25
3458	23
3459	17
3460	30
3461	23
3462	22
3463	23
3464	22
3465	27
3466	24
3467	24
3468	20
3469	15
3470	22
3471	19
3472	9
3473	21
3474	20
3475	17
3476	21
3477	20
3478	20
3479	21
3480	27
3481	18
3482	16
3483	14
3484	25
3485	22
3486	17
3487	19
3488	22
3489	17
3490	26
3491	20
3492	23
3493	20
3494	29
3495	22
3496	35
3497	21
3498	21
3499	24
3500	29
3501	20
3502	16
3503	25
3504	23
3505	17
3506	22
3507	19
3508	17
3509	20
3510	21
3511	15
3512	23
3513	15
3514	15
3515	16
3516	19
3517	36
3518	22
3519	22
3520	25
3521	15
3522	23
3523	14
3524	25
3525	19
3526	13
3527	19
3528	20
3529	21
3530	17
3531	18
3532	24
3533	22
3534	16
3535	16
3536	19
3537	13
3538	15
3539	13
3540	21
3541	18
3542	20
3543	21
3544	21
3545	22
3546	23
3547	26
3548	21
3549	17
3550	21
3551	13
3552	17
3553	22
3554	26
3555	18
3556	22
3557	18
3558	21
3559	17
3560	21
3561	14
3562	12
3563	13
3564	22
3565	6
3566	21
3567	19
3568	20
3569	25
3570	16
3571	25
3572	17
3573	28
3574	23
3575	20
3576	24
3577	20
3578	15
3579	20
3580	15
3581	15
3582	17
3583	21
3584	24
3585	26
3586	24
3587	22
3588	26
3589	23
3590	17
3591	16
3592	12
3593	20
3594	19
3595	16
3596	19
3597	23
3598	19
3599	20
3600	17
3601	21
3602	19
3603	19
3604	20
3605	25
3606	17
3607	25
3608	18
3609	22
3610	17
3611	20
3612	17
3613	16
3614	26
3615	19
3616	14
3617	24
3618	16
3619	19
3620	16
3621	18
3622	22
3623	21
3624	15
3625	9
3626	17
3627	28
3628	25
3629	14
3630	24
3631	19
3632	22
3633	20
3634	21
3635	17
3636	16
3637	14
3638	15
3639	14
3640	18
3641	12
3642	21
3643	25
3644	17
3645	19
3646	22
3647	23
3648	25
3649	18
3650	22
3651	19
3652	21
3653	16
3654	14
3655	21
3656	20
3657	14
3658	9
3659	16
3660	17
3661	21
3662	14
3663	21
3664	18
3665	19
3666	16
3667	20
3668	21
3669	28
3670	20
3671	13
3672	28
3673	17
3674	25
3675	24
3676	23
3677	18
3678	20
3679	27
3680	19
3681	17
3682	13
3683	20
3684	21
3685	23
3686	17
3687	16
3688	20
3689	12
3690	20
3691	24
3692	17
3693	21
3694	19
3695	24
3696	26
3697	17
3698	24
3699	13
3700	17
3701	19
3702	16
3703	15
3704	12
3705	15
3706	16
3707	20
3708	20
3709	13
3710	18
3711	19
3712	21
3713	14
3714	23
3715	14
3716	24
3717	20
3718	14
3719	16
3720	21
3721	23
3722	8
3723	10
3724	9
3725	12
3726	21
3727	12
3728	31
3729	22
3730	29
3731	14
3732	23
3733	15
3734	16
3735	16
3736	20
3737	14
3738	19
3739	12
3740	28
3741	11
3742	12
3743	15
3744	18
3745	14
3746	25
3747	13
3748	12
3749	24
3750	27
3751	19
3752	14
3753	18
3754	23
3755	11
3756	19
3757	16
3758	19
3759	26
3760	16
3761	17
3762	18
3763	9
3764	24
3765	19
3766	23
3767	15
3768	14
3769	21
3770	15
3771	16
3772	17
3773	23
3774	15
3775	22
3776	16
3777	14
3778	13
3779	22
3780	16
3781	17
3782	17
3783	11
3784	21
3785	16
3786	17
3787	18
3788	16
3789	20
3790	19
3791	22
3792	27
3793	17
3794	20
3795	19
3796	18
3797	14
3798	26
3799	10
3800	19
3801	20
3802	18
3803	19
3804	29
3805	13
3806	14
3807	21
3808	30
3809	18
3810	23
3811	11
3812	13
3813	14
3814	22
3815	10
3816	21
3817	17
3818	21
3819	22
3820	23
3821	18
3822	21
3823	16
3824	15
3825	23
3826	15
3827	8
3828	16
3829	20
3830	19
3831	17
3832	16
3833	15
3834	17
3835	19
3836	14
3837	25
3838	15
3839	22
3840	16
3841	20
3842	21
3843	17
3844	16
3845	15
3846	15
3847	22
3848	19
3849	22
3850	15
3851	29
3852	19
3853	24
3854	19
3855	21
3856	20
3857	14
3858	28
3859	22
3860	11
3861	22
3862	23
3863	24
3864	14
3865	18
3866	16
3867	19
3868	19
3869	25
3870	16
3871	19
3872	17
3873	18
3874	15
3875	13
3876	21
3877	17
3878	9
3879	15
3880	13
3881	17
3882	17
3883	14
3884	13
3885	18
3886	23
3887	26
3888	17
3889	17
3890	24
3891	12
3892	22
3893	17
3894	19
3895	14
3896	20
3897	8
3898	12
3899	22
3900	25
3901	23
3902	12
3903	21
3904	15
3905	17
3906	16
3907	23
3908	17
3909	21
3910	21
3911	19
3912	19
3913	8
3914	17
3915	27
3916	16
3917	27
3918	17
3919	22
3920	15
3921	18
3922	18
3923	20
3924	17
3925	19
3926	15
3927	20
3928	15
3929	14
3930	18
3931	23
3932	15
3933	12
3934	18
3935	17
3936	22
3937	12
3938	22
3939	12
3940	13
3941	23
3942	13
3943	23
3944	28
3945	14
3946	16
3947	15
3948	16
3949	17
3950	17
3951	18
3952	17
3953	20
3954	22
3955	20
3956	18
3957	15
3958	17
3959	18
3960	19
3961	12
3962	18
3963	19
3964	21
3965	15
3966	13
3967	22
3968	10
3969	16
3970	14
3971	19
3972	26
3973	18
3974	17
3975	17
3976	14
3977	21
3978	26
3979	16
3980	23
3981	19
3982	14
3983	18
3984	16
3985	25
3986	23
3987	9
3988	15
3989	17
3990	24
3991	14
3992	22
3993	18
3994	19
3995	20
3996	17
3997	17
3998	20
3999	23
4000	10
4001	23
4002	20
4003	16
4004	15
4005	21
4006	14
4007	23
4008	23
4009	28
4010	15
4011	18
4012	12
4013	20
4014	10
4015	19
4016	18
4017	13
4018	19
4019	17
4020	17
4021	14
4022	22
4023	15
4024	21
4025	11
4026	14
4027	14
4028	23
4029	20
4030	16
4031	27
4032	20
4033	21
4034	22
4035	21
4036	22
4037	22
4038	13
4039	18
4040	25
4041	13
4042	17
4043	11
4044	12
4045	13
4046	21
4047	12
4048	22
4049	21
4050	14
4051	14
4052	17
4053	16
4054	25
4055	19
4056	14
4057	20
4058	25
4059	15
4060	22
4061	15
4062	20
4063	18
4064	17
4065	17
4066	27
4067	18
4068	14
4069	16
4070	13
4071	19
4072	14
4073	18
4074	20
4075	19
4076	18
4077	12
4078	20
4079	23
4080	15
4081	19
4082	16
4083	12
4084	23
4085	12
4086	19
4087	22
4088	15
4089	28
4090	12
4091	28
4092	17
4093	14
4094	16
4095	25
4096	20
4097	17
4098	17
4099	20
4100	19
4101	17
4102	17
4103	16
4104	11
4105	22
4106	23
4107	11
4108	16
4109	15
4110	14
4111	15
4112	21
4113	20
4114	20
4115	12
4116	18
4117	14
4118	15
4119	16
4120	17
4121	16
4122	16
4123	21
4124	10
4125	18
4126	13
4127	27
4128	20
4129	14
4130	15
4131	14
4132	18
4133	19
4134	17
4135	14
4136	20
4137	11
4138	16
4139	18
4140	13
4141	19
4142	21
4143	16
4144	20
4145	13
4146	17
4147	19
4148	11
4149	17
4150	14
4151	16
4152	12
4153	18
4154	20
4155	19
4156	14
4157	17
4158	13
4159	25
4160	21
4161	14
4162	14
4163	17
4164	21
4165	18
4166	8
4167	19
4168	19
4169	14
4170	11
4171	13
4172	16
4173	11
4174	20
4175	18
4176	18
4177	15
4178	21
4179	16
4180	21
4181	15
4182	18
4183	17
4184	21
4185	17
4186	25
4187	20
4188	13
4189	20
4190	18
4191	20
4192	14
4193	15
4194	15
4195	13
4196	15
4197	16
4198	12
4199	24
4200	22
4201	11
4202	14
4203	17
4204	22
4205	16
4206	16
4207	11
4208	16
4209	18
4210	17
4211	17
4212	19
4213	19
4214	21
4215	17
4216	15
4217	15
4218	15
4219	20
4220	11
4221	17
4222	18
4223	21
4224	15
4225	21
4226	20
4227	16
4228	19
4229	21
4230	24
4231	19
4232	16
4233	15
4234	14
4235	10
4236	13
4237	8
4238	20
4239	18
4240	16
4241	15
4242	11
4243	19
4244	17
4245	12
4246	11
4247	10
4248	16
4249	9
4250	15
4251	22
4252	18
4253	13
4254	16
4255	12
4256	24
4257	13
4258	20
4259	19
4260	19
4261	18
4262	18
4263	14
4264	17
4265	21
4266	14
4267	11
4268	24
4269	20
4270	17
4271	10
4272	14
4273	23
4274	21
4275	11
4276	20
4277	17
4278	10
4279	17
4280	21
4281	17
4282	13
4283	13
4284	16
4285	14
4286	15
4287	21
4288	18
4289	17
4290	24
4291	15
4292	17
4293	15
4294	23
4295	16
4296	19
4297	24
4298	13
4299	21
4300	16
4301	13
4302	8
4303	14
4304	14
4305	23
4306	8
4307	15
4308	16
4309	14
4310	12
4311	11
4312	20
4313	13
4314	17
4315	14
4316	18
4317	19
4318	18
4319	16
4320	20
4321	20
4322	18
4323	14
4324	17
4325	17
4326	18
4327	9
4328	14
4329	15
4330	23
4331	18
4332	7
4333	13
4334	17
4335	24
4336	17
4337	11
4338	19
4339	16
4340	12
4341	20
4342	11
4343	11
4344	24
4345	18
4346	17
4347	20
4348	26
4349	16
4350	15
4351	16
4352	25
4353	15
4354	23
4355	12
4356	17
4357	24
4358	13
4359	8
4360	17
4361	14
4362	13
4363	17
4364	12
4365	12
4366	17
4367	16
4368	15
4369	12
4370	12
4371	17
4372	12
4373	14
4374	19
4375	14
4376	11
4377	17
4378	11
4379	14
4380	13
4381	14
4382	9
4383	8
4384	11
4385	19
4386	20
4387	13
4388	8
4389	14
4390	15
4391	20
4392	13
4393	21
4394	13
4395	20
4396	14
4397	16
4398	12
4399	13
4400	17
4401	14
4402	13
4403	13
4404	14
4405	15
4406	12
4407	12
4408	19
4409	12
4410	8
4411	14
4412	16
4413	14
4414	11
4415	14
4416	17
4417	12
4418	11
4419	15
4420	10
4421	14
4422	17
4423	10
4424	7
4425	14
4426	14
4427	8
4428	19
4429	15
4430	14
4431	18
4432	11
4433	12
4434	18
4435	16
4436	10
4437	13
4438	17
4439	18
4440	13
4441	11
4442	11
4443	18
4444	9
4445	18
4446	11
4447	21
4448	13
4449	16
4450	15
4451	17
4452	18
4453	16
4454	17
4455	11
4456	19
4457	12
4458	11
4459	16
4460	13
4461	8
4462	19
4463	14
4464	16
4465	10
4466	19
4467	16
4468	19
4469	20
4470	12
4471	14
4472	15
4473	5
4474	10
4475	16
4476	18
4477	14
4478	16
4479	22
4480	15
4481	10
4482	16
4483	20
4484	15
4485	11
4486	13
4487	19
4488	12
4489	21
4490	15
4491	13
4492	12
4493	12
4494	20
4495	14
4496	16
4497	18
4498	10
4499	17
4500	11
4501	11
4502	11
4503	9
4504	12
4505	16
4506	19
4507	14
4508	12
4509	15
4510	17
4511	15
4512	16
4513	13
4514	10
4515	12
4516	14
4517	19
4518	16
4519	18
4520	12
4521	11
4522	13
4523	11
4524	20
4525	11
4526	10
4527	8
4528	12
4529	13
4530	13
4531	7
4532	10
4533	9
4534	10
4535	15
4536	16
4537	11
4538	7
4539	12
4540	11
4541	13
4542	9
4543	11
4544	14
4545	16
4546	14
4547	4
4548	14
4549	11
4550	14
4551	10
4552	20
4553	16
4554	6
4555	17
4556	10
4557	16
4558	17
4559	8
4560	12
4561	11
4562	16
4563	12
4564	11
4565	16
4566	9
4567	14
4568	10
4569	17
4570	11
4571	11
4572	10
4573	9
4574	10
4575	10
4576	12
4577	12
4578	10
4579	16
4580	15
4581	10
4582	18
4583	11
4584	9
4585	13
4586	15
4587	8
4588	9
4589	8
4590	9
4591	13
4592	9
4593	8
4594	14
4595	14
4596	11
4597	11
4598	18
4599	14
4600	9
4601	7
4602	9
4603	11
4604	14
4605	8
4606	18
4607	12
4608	7
4609	9
4610	7
4611	6
4612	16
4613	8
4614	9
4615	15
4616	5
4617	12
4618	13
4619	11
4620	13
4621	9
4622	15
4623	9
4624	11
4625	13
4626	13
4627	12
4628	6
4629	13
4630	13
4631	11
4632	14
4633	10
4634	19
4635	6
4636	8
4637	11
4638	16
4639	21
4640	13
4641	8
4642	8
4643	8
4644	9
4645	8
4646	14
4647	7
4648	8
4649	8
4650	11
4651	11
4652	11
4653	13
4654	15
4655	6
4656	13
4657	9
4658	18
4659	11
4660	11
4661	11
4662	8
4663	6
4664	10
4665	12
4666	13
4667	9
4668	15
4669	14
4670	17
4671	6
4672	6
4673	8
4674	12
4675	12
4676	15
4677	11
4678	13
4679	7
4680	8
4681	10
4682	14
4683	16
4684	9
4685	12
4686	5
4687	13
4688	8
4689	7
4690	11
4691	5
4692	13
4693	14
4694	6
4695	8
4696	11
4697	10
4698	20
4699	5
4700	11
4701	10
4702	12
4703	6
4704	11
4705	16
4706	11
4707	11
4708	8
4709	11
4710	13
4711	12
4712	11
4713	13
4714	11
4715	8
4716	7
4717	12
4718	7
4719	9
4720	12
4721	7
4722	12
4723	10
4724	11
4725	13
4726	9
4727	11
4728	8
4729	11
4730	6
4731	10
4732	6
4733	8
4734	11
4735	12
4736	6
4737	11
4738	16
4739	6
4740	11
4741	11
4742	17
4743	8
4744	12
4745	8
4746	13
4747	10
4748	10
4749	13
4750	7
4751	9
4752	6
4753	9
4754	10
4755	14
4756	9
4757	14
4758	8
4759	8
4760	14
4761	8
4762	9
4763	10
4764	11
4765	4
4766	8
4767	9
4768	7
4769	8
4770	12
4771	6
4772	8
4773	8
4774	12
4775	5
4776	7
4777	11
4778	12
4779	17
4780	4
4781	9
4782	7
4783	7
4784	9
4785	8
4786	11
4787	8
4788	11
4789	10
4790	6
4791	14
4792	12
4793	8
4794	6
4795	10
4796	12
4797	15
4798	16
4799	8
4800	18
4801	11
4802	8
4803	9
4804	13
4805	10
4806	8
4807	16
4808	7
4809	7
4810	8
4811	4
4812	8
4813	10
4814	8
4815	8
4816	10
4817	5
4818	12
4819	6
4820	13
4821	10
4822	10
4823	7
4824	7
4825	6
4826	13
4827	11
4828	15
4829	10
4830	8
4831	11
4832	5
4833	10
4834	16
4835	11
4836	10
4837	8
4838	8
4839	6
4840	5
4841	5
4842	10
4843	9
4844	15
4845	8
4846	8
4847	9
4848	13
4849	6
4850	11
4851	9
4852	8
4853	12
4854	6
4855	11
4856	8
4857	8
4858	10
4859	5
4860	7
4861	8
4862	8
4863	8
4864	12
4865	14
4866	7
4867	10
4868	7
4869	9
4870	8
4871	10
4872	7
4873	11
4874	8
4875	11
4876	8
4877	7
4878	7
4879	8
4880	8
4881	9
4882	6
4883	11
4884	6
4885	11
4886	6
4887	3
4888	6
4889	12
4890	9
4891	10
4892	8
4893	11
4894	15
4895	8
4896	8
4897	9
4898	5
4899	1
4900	10
4901	13
4902	11
4903	10
4904	15
4905	9
4906	7
4907	11
4908	5
4909	12
4910	17
4911	9
4912	9
4913	9
4914	10
4915	8
4916	6
4917	8
4918	4
4919	5
4920	8
4921	8
4922	5
4923	6
4924	10
4925	10
4926	9
4927	10
4928	8
4929	10
4930	9
4931	7
4932	4
4933	5
4934	6
4935	6
4936	7
4937	14
4938	13
4939	11
4940	6
4941	10
4942	9
4943	11
4944	16
4945	11
4946	4
4947	7
4948	7
4949	8
4950	7
4951	12
4952	4
4953	10
4954	10
4955	6
4956	7
4957	18
4958	9
4959	13
4960	12
4961	14
4962	10
4963	7
4964	5
4965	3
4966	16
4967	10
4968	6
4969	8
4970	4
4971	8
4972	7
4973	4
4974	9
4975	5
4976	8
4977	16
4978	7
4979	8
4980	12
4981	7
4982	12
4983	7
4984	7
4985	7
4986	5
4987	9
4988	5
4989	6
4990	5
4991	9
4992	7
4993	13
4994	6
4995	11
4996	11
4997	4
4998	6
4999	12
5000	7
5001	5
5002	14
5003	8
5004	8
5005	6
5006	12
5007	6
5008	9
5009	9
5010	12
5011	7
5012	10
5013	5
5014	10
5015	3
5016	6
5017	8
5018	5
5019	13
5020	8
5021	7
5022	9
5023	6
5024	12
5025	11
5026	7
5027	14
5028	10
5029	11
5030	11
5031	11
5032	4
5033	8
5034	5
5035	7
5036	6
5037	6
5038	8
5039	8
5040	5
5041	6
5042	8
5043	6
5044	6
5045	5
5046	10
5047	7
5048	15
5049	6
5050	7
5051	9
5052	7
5053	6
5054	7
5055	10
5056	7
5057	5
5058	9
5059	3
5060	13
5061	6
5062	5
5063	5
5064	5
5065	7
5066	10
5067	13
5068	7
5069	6
5070	7
5071	4
5072	11
5073	6
5074	2
5075	10
5076	9
5077	9
5078	8
5079	12
5080	9
5081	9
5082	6
5083	3
5084	8
5085	5
5086	7
5087	6
5088	9
5089	8
5090	9
5091	5
5092	4
5093	6
5094	4
5095	11
5096	12
5097	5
5098	11
5099	3
5100	7
5101	8
5102	9
5103	10
5104	8
5105	9
5106	4
5107	9
5108	7
5109	6
5110	3
5111	5
5112	8
5113	13
5114	6
5115	8
5116	5
5117	6
5118	7
5119	4
5120	3
5121	9
5122	7
5123	10
5124	16
5125	8
5126	12
5127	14
5128	6
5129	9
5130	1
5131	4
5132	3
5133	11
5134	9
5135	8
5136	10
5137	10
5138	6
5139	8
5140	8
5141	7
5142	11
5143	13
5144	4
5145	12
5146	7
5147	8
5148	9
5149	5
5150	8
5151	6
5152	9
5153	7
5154	9
5155	7
5156	6
5157	8
5158	10
5159	6
5160	6
5161	9
5162	8
5163	5
5164	6
5165	6
5166	7
5167	8
5168	5
5169	9
5170	6
5171	8
5172	3
5173	8
5174	8
5175	6
5176	8
5177	9
5178	10
5179	10
5180	8
5181	10
5182	6
5183	9
5184	5
5185	10
5186	4
5187	5
5188	5
5189	12
5190	9
5191	17
5192	12
5193	6
5194	7
5195	8
5196	5
5197	6
5198	12
5199	4
5200	7
5201	9
5202	5
5203	14
5204	4
5205	7
5206	6
5207	4
5208	4
5209	3
5210	5
5211	3
5212	15
5213	9
5214	7
5215	7
5216	6
5217	3
5218	10
5219	8
5220	7
5221	8
5222	5
5223	5
5224	5
5225	9
5226	5
5227	5
5228	9
5229	7
5230	4
5231	11
5232	12
5233	10
5234	3
5235	4
5236	3
5237	5
5238	10
5239	8
5240	8
5241	10
5242	14
5243	9
5244	4
5245	7
5246	5
5247	10
5248	13
5249	8
5250	8
5251	8
5252	8
5253	2
5254	7
5255	6
5256	7
5257	7
5258	9
5259	6
5260	5
5261	9
5262	6
5263	5
5264	4
5265	3
5266	4
5267	8
5268	4
5269	3
5270	10
5271	8
5272	3
5273	5
5274	4
5275	7
5276	8
5277	12
5278	5
5279	8
5280	5
5281	4
5282	3
5283	11
5284	8
5285	9
5286	10
5287	5
5288	7
5289	2
5290	7
5291	10
5292	4
5293	8
5294	3
5295	5
5296	9
5297	7
5298	5
5299	7
5300	9
5301	7
5302	9
5303	4
5304	8
5305	14
5306	8
5307	9
5308	6
5309	7
5310	6
5311	11
5312	3
5313	3
5314	7
5315	4
5316	12
5317	5
5318	10
5319	9
5320	9
5321	6
5322	10
5323	6
5324	11
5325	8
5326	4
5327	5
5328	6
5329	6
5330	7
5331	15
5332	13
5333	11
5334	6
5335	7
5336	6
5337	6
5338	3
5339	7
5340	7
5341	7
5342	4
5343	7
5344	8
5345	7
5346	9
5347	5
5348	6
5349	7
5350	9
5351	6
5352	8
5353	11
5354	5
5355	2
5356	6
5357	9
5358	9
5359	3
5360	6
5361	7
5362	11
5363	6
5364	15
5365	4
5366	10
5367	12
5368	8
5369	4
5370	9
5371	7
5372	4
5373	7
5374	10
5375	5
5376	5
5377	8
5378	6
5379	10
5380	7
5381	9
5382	6
5383	8
5384	8
5385	6
5386	4
5387	6
5388	8
5389	7
5390	13
5391	8
5392	9
5393	8
5394	5
5395	3
5396	10
5397	3
5398	3
5399	9
5400	5
5401	4
5402	5
5403	7
5404	8
5405	6
5406	6
5407	5
5408	4
5409	6
5410	6
5411	5
5412	7
5413	8
5414	7
5415	9
5416	3
5417	8
5418	4
5419	7
5420	4
5421	11
5422	6
5423	4
5424	3
5425	8
5426	5
5427	5
5428	7
5429	4
5430	4
5431	4
5432	9
5433	7
5434	9
5435	3
5436	7
5437	5
5438	8
5439	8
5440	11
5441	6
5442	3
5443	7
5444	9
5445	7
5446	9
5447	8
5448	8
5449	4
5450	3
5451	4
5452	5
5453	6
5454	7
5455	7
5456	6
5457	6
5458	8
5459	1
5460	4
5461	6
5462	4
5463	3
5464	5
5465	6
5466	7
5467	3
5468	8
5469	5
5470	6
5471	10
5472	9
5473	7
5474	2
5475	8
5476	6
5477	6
5478	8
5479	7
5480	4
5481	9
5482	7
5483	7
5484	7
5485	2
5486	2
5487	6
5488	7
5489	5
5490	10
5491	8
5492	4
5493	7
5494	8
5495	6
5496	5
5497	5
5498	9
5499	11
5500	7
5501	4
5502	8
5503	8
5504	8
5505	10
5506	8
5507	11
5508	1
5509	6
5510	9
5511	3
5512	11
5513	5
5514	5
5515	7
5516	9
5517	6
5518	4
5519	7
5520	7
5521	7
5522	5
5523	6
5524	9
5525	4
5526	7
5527	9
5528	5
5529	4
5530	5
5531	5
5532	6
5533	4
5534	6
5535	4
5536	6
5537	10
5538	3
5539	7
5540	6
5541	5
5542	5
5543	3
5544	8
5545	6
5546	5
5547	6
5548	10
5549	6
5550	6
5551	9
5552	5
5553	7
5554	6
5555	7
5556	4
5557	7
5558	4
5559	7
5560	10
5561	7
5562	6
5563	4
5564	7
5565	3
5566	10
5567	7
5568	4
5569	8
5570	9
5571	6
5572	11
5573	3
5574	6
5575	12
5576	7
5577	6
5578	4
5579	4
5580	6
5581	6
5582	7
5583	12
5584	5
5585	11
5586	6
5587	6
5588	2
5589	11
5590	7
5591	9
5592	6
5593	5
5594	6
5595	9
5596	5
5597	7
5598	8
5599	6
5600	7
5601	2
5602	7
5603	7
5604	4
5605	9
5606	3
5607	10
5608	10
5609	8
5610	6
5611	8
5612	8
5613	8
5614	4
5615	8
5616	9
5617	8
5618	6
5619	7
5620	5
5621	4
5622	6
5623	6
5624	6
5625	6
5626	7
5627	7
5628	3
5629	3
5630	4
5631	9
5632	7
5633	7
5634	4
5635	4
5636	7
5637	4
5638	4
5639	6
5640	5
5641	8
5642	6
5643	6
5644	6
5645	8
5646	7
5647	3
5648	2
5649	4
5650	8
5651	8
5652	8
5653	6
5654	3
5655	4
5656	8
5657	8
5658	2
5659	5
5660	6
5661	5
5662	6
5663	5
5664	7
5665	7
5666	4
5667	5
5668	3
5669	4
5670	3
5671	5
5672	6
5673	10
5674	3
5675	3
5676	8
5677	7
5678	11
5679	7
5680	9
5681	5
5682	4
5683	6
5684	2
5685	7
5686	9
5687	6
5688	5
5689	4
5690	4
5691	10
5692	6
5693	15
5694	9
5695	5
5696	9
5697	5
5698	4
5699	5
5700	7
5701	5
5702	9
5703	7
5704	6
5705	5
5706	3
5707	8
5708	10
5709	9
5710	6
5711	5
5712	12
5713	10
5714	4
5715	7
5716	6
5717	6
5718	8
5719	9
5720	5
5721	5
5722	6
5723	7
5724	9
5725	3
5726	6
5727	5
5728	4
5729	5
5730	3
5731	3
5732	2
5733	10
5734	5
5735	5
5736	2
5737	4
5738	4
5739	2
5740	6
5741	8
5742	4
5743	7
5744	7
5745	2
5746	14
5747	5
5748	3
5749	6
5750	7
5751	2
5752	11
5753	2
5754	5
5755	3
5756	5
5757	6
5758	6
5759	5
5760	2
5761	6
5762	5
5763	5
5764	3
5765	3
5766	8
5767	1
5768	9
5769	3
5770	6
5771	3
5772	8
5773	4
5774	3
5775	8
5776	8
5777	8
5778	4
5779	9
5780	6
5781	7
5782	7
5783	3
5784	0
5785	5
5786	3
5787	6
5788	2
5789	6
5790	9
5791	4
5792	5
5793	8
5794	5
5795	3
5796	7
5797	5
5798	10
5799	5
5800	7
5801	11
5802	5
5803	6
5804	4
5805	6
5806	6
5807	7
5808	5
5809	6
5810	11
5811	5
5812	4
5813	5
5814	7
5815	5
5816	14
5817	5
5818	10
5819	9
5820	3
5821	6
5822	6
5823	4
5824	10
5825	8
5826	3
5827	4
5828	6
5829	6
5830	7
5831	2
5832	6
5833	6
5834	3
5835	4
5836	5
5837	8
5838	6
5839	7
5840	9
5841	2
5842	1
5843	2
5844	9
5845	7
5846	7
5847	3
5848	7
5849	2
5850	9
5851	5
5852	8
5853	6
5854	1
5855	7
5856	6
5857	6
5858	5
5859	4
5860	5
5861	6
5862	9
5863	7
5864	6
5865	5
5866	6
5867	5
5868	6
5869	3
5870	6
5871	6
5872	8
5873	2
5874	6
5875	10
5876	4
5877	3
5878	6
5879	5
5880	11
5881	5
5882	4
5883	6
5884	8
5885	5
5886	5
5887	1
5888	5
5889	5
5890	2
5891	4
5892	7
5893	8
5894	9
5895	5
5896	7
5897	5
5898	6
5899	7
5900	11
5901	4
5902	2
5903	3
5904	6
5905	5
5906	5
5907	9
5908	4
5909	5
5910	5
5911	4
5912	2
5913	7
5914	5
5915	8
5916	6
5917	8
5918	1
5919	8
5920	7
5921	4
5922	3
5923	9
5924	6
5925	3
5926	6
5927	8
5928	1
5929	7
5930	8
5931	4
5932	5
5933	5
5934	6
5935	11
5936	5
5937	6
5938	3
5939	1
5940	6
5941	5
5942	4
5943	5
5944	3
5945	4
5946	8
5947	2
5948	2
5949	5
5950	9
5951	3
5952	5
5953	8
5954	7
5955	6
5956	2
5957	1
5958	5
5959	3
5960	7
5961	6
5962	2
5963	5
5964	7
5965	5
5966	7
5967	2
5968	9
5969	7
5970	5
5971	3
5972	4
5973	4
5974	4
5975	5
5976	4
5977	5
5978	7
5979	10
5980	6
5981	5
5982	3
5983	2
5984	7
5985	6
5986	7
5987	6
5988	3
5989	7
5990	7
5991	3
5992	5
5993	8
5994	5
5995	9
5996	6
5997	1
5998	6
5999	3
6000	2
6001	8
6002	5
6003	8
6004	7
6005	6
6006	5
6007	5
6008	3
6009	1
6010	6
6011	6
6012	3
6013	8
6014	4
6015	6
6016	4
6017	7
6018	10
6019	4
6020	5
6021	7
6022	4
6023	9
6024	7
6025	8
6026	1
6027	9
6028	9
6029	4
6030	7
6031	11
6032	5
6033	5
6034	4
6035	9
6036	5
6037	10
6038	6
6039	7
6040	3
6041	5
6042	5
6043	7
6044	6
6045	10
6046	11
6047	4
6048	4
6049	7
6050	3
6051	5
6052	3
6053	3
6054	5
6055	10
6056	3
6057	5
6058	7
6059	6
6060	4
6061	6
6062	7
6063	3
6064	7
6065	6
6066	9
6067	3
6068	7
6069	6
6070	8
6071	7
6072	10
6073	4
6074	9
6075	5
6076	2
6077	6
6078	2
6079	4
6080	1
6081	6
6082	2
6083	12
6084	5
6085	4
6086	12
6087	7
6088	6
6089	6
6090	3
6091	7
6092	9
6093	8
6094	7
6095	7
6096	7
6097	5
6098	5
6099	4
6100	6
6101	4
6102	5
6103	10
6104	3
6105	4
6106	6
6107	6
6108	5
6109	3
6110	6
6111	2
6112	11
6113	4
6114	7
6115	2
6116	7
6117	9
6118	4
6119	5
6120	3
6121	8
6122	4
6123	9
6124	4
6125	5
6126	8
6127	3
6128	3
6129	6
6130	8
6131	3
6132	1
6133	3
6134	5
6135	6
6136	4
6137	2
6138	5
6139	7
6140	3
6141	4
6142	2
6143	8
6144	9
6145	6
6146	7
6147	9
6148	8
6149	2
6150	5
6151	8
6152	7
6153	5
6154	9
6155	7
6156	9
6157	4
6158	1
6159	3
6160	3
6161	3
6162	1
6163	5
6164	9
6165	6
6166	3
6167	7
6168	7
6169	3
6170	6
6171	9
6172	5
6173	10
6174	5
6175	7
6176	6
6177	2
6178	6
6179	4
6180	5
6181	5
6182	5
6183	5
6184	6
6185	4
6186	7
6187	3
6188	5
6189	5
6190	5
6191	9
6192	5
6193	7
6194	5
6195	6
6196	6
6197	8
6198	4
6199	5
6200	7
6201	5
6202	7
6203	3
6204	1
6205	6
6206	3
6207	5
6208	3
6209	11
6210	6
6211	1
6212	9
6213	5
6214	4
6215	9
6216	3
6217	4
6218	3
6219	3
6220	4
6221	3
6222	11
6223	9
6224	5
6225	7
6226	8
6227	6
6228	6
6229	9
6230	4
6231	9
6232	7
6233	5
6234	6
6235	4
6236	5
6237	7
6238	7
6239	6
6240	4
6241	3
6242	6
6243	8
6244	4
6245	3
6246	8
6247	5
6248	6
6249	13
6250	10
6251	6
6252	9
6253	3
6254	6
6255	7
6256	3
6257	7
6258	5
6259	6
6260	5
6261	4
6262	8
6263	5
6264	11
6265	6
6266	4
6267	4
6268	9
6269	8
6270	5
6271	7
6272	7
6273	7
6274	10
6275	1
6276	8
6277	5
6278	0
6279	9
6280	7
6281	11
6282	3
6283	2
6284	7
6285	9
6286	3
6287	5
6288	7
6289	4
6290	4
6291	9
6292	4
6293	3
6294	2
6295	6
6296	7
6297	8
6298	5
6299	9
6300	7
6301	7
6302	7
6303	5
6304	5
6305	10
6306	9
6307	7
6308	7
6309	4
6310	7
6311	9
6312	10
6313	7
6314	5
6315	8
6316	6
6317	6
6318	10
6319	9
6320	8
6321	7
6322	10
6323	6
6324	6
6325	5
6326	5
6327	6
6328	9
6329	8
6330	6
6331	5
6332	5
6333	9
6334	15
6335	10
6336	10
6337	7
6338	9
6339	5
6340	4
6341	8
6342	9
6343	10
6344	8
6345	6
6346	6
6347	12
6348	10
6349	6
6350	6
6351	9
6352	10
6353	9
6354	7
6355	1
6356	6
6357	8
6358	6
6359	3
6360	2
6361	7
6362	7
6363	10
6364	5
6365	7
6366	5
6367	10
6368	4
6369	4
6370	6
6371	6
6372	6
6373	8
6374	12
6375	5
6376	5
6377	11
6378	5
6379	9
6380	7
6381	7
6382	7
6383	7
6384	11
6385	7
6386	8
6387	6
6388	6
6389	4
6390	9
6391	4
6392	8
6393	11
6394	13
6395	6
6396	7
6397	9
6398	5
6399	7
6400	7
6401	11
6402	12
6403	7
6404	5
6405	4
6406	9
6407	9
6408	9
6409	11
6410	5
6411	6
6412	9
6413	11
6414	9
6415	14
6416	8
6417	9
6418	9
6419	11
6420	11
6421	11
6422	10
6423	10
6424	6
6425	11
6426	12
6427	13
6428	5
6429	4
6430	14
6431	7
6432	4
6433	10
6434	7
6435	7
6436	14
6437	10
6438	11
6439	10
6440	11
6441	10
6442	9
6443	10
6444	8
6445	16
6446	9
6447	9
6448	14
6449	11
6450	8
6451	8
6452	8
6453	10
6454	14
6455	4
6456	7
6457	7
6458	12
6459	7
6460	5
6461	10
6462	10
6463	12
6464	6
6465	12
6466	9
6467	16
6468	17
6469	11
6470	5
6471	14
6472	12
6473	7
6474	9
6475	12
6476	8
6477	20
6478	11
6479	16
6480	16
6481	17
6482	10
6483	10
6484	14
6485	13
6486	11
6487	17
6488	17
6489	12
6490	14
6491	18
6492	8
6493	13
6494	13
6495	14
6496	21
6497	12
6498	11
6499	10
6500	8
6501	16
6502	12
6503	14
6504	12
6505	10
6506	20
6507	16
6508	13
6509	12
6510	24
6511	20
6512	13
6513	14
6514	16
6515	15
6516	12
6517	17
6518	17
6519	14
6520	22
6521	11
6522	15
6523	13
6524	13
6525	24
6526	5
6527	19
6528	10
6529	22
6530	16
6531	21
6532	17
6533	19
6534	9
6535	14
6536	16
6537	18
6538	15
6539	15
6540	21
6541	16
6542	18
6543	17
6544	12
6545	18
6546	20
6547	23
6548	23
6549	19
6550	16
6551	16
6552	13
6553	20
6554	19
6555	22
6556	23
6557	14
6558	17
6559	20
6560	24
6561	26
6562	22
6563	22
6564	19
6565	21
6566	24
6567	19
6568	20
6569	23
6570	26
6571	18
6572	23
6573	24
6574	28
6575	18
6576	30
6577	24
6578	27
6579	24
6580	29
6581	20
6582	30
6583	22
6584	22
6585	33
6586	26
6587	22
6588	23
6589	18
6590	32
6591	24
6592	24
6593	22
6594	26
6595	18
6596	27
6597	26
6598	21
6599	33
6600	20
6601	14
6602	28
6603	27
6604	20
6605	23
6606	19
6607	20
6608	24
6609	24
6610	33
6611	27
6612	35
6613	30
6614	28
6615	36
6616	23
6617	38
6618	25
6619	27
6620	26
6621	35
6622	26
6623	38
6624	19
6625	31
6626	40
6627	32
6628	25
6629	36
6630	30
6631	29
6632	39
6633	27
6634	28
6635	31
6636	32
6637	38
6638	36
6639	33
6640	41
6641	37
6642	32
6643	39
6644	21
6645	36
6646	31
6647	32
6648	35
6649	29
6650	35
6651	33
6652	28
6653	32
6654	28
6655	43
6656	32
6657	35
6658	30
6659	34
6660	33
6661	37
6662	29
6663	46
6664	43
6665	41
6666	42
6667	37
6668	27
6669	47
6670	39
6671	41
6672	41
6673	40
6674	35
6675	43
6676	32
6677	38
6678	63
6679	49
6680	38
6681	44
6682	45
6683	48
6684	43
6685	29
6686	44
6687	43
6688	41
6689	38
6690	46
6691	27
6692	51
6693	38
6694	48
6695	49
6696	41
6697	39
6698	49
6699	41
6700	53
6701	43
6702	46
6703	56
6704	39
6705	51
6706	56
6707	53
6708	51
6709	55
6710	39
6711	41
6712	47
6713	48
6714	50
6715	35
6716	50
6717	49
6718	40
6719	39
6720	53
6721	53
6722	54
6723	50
6724	48
6725	52
6726	44
6727	60
6728	36
6729	59
6730	46
6731	52
6732	57
6733	48
6734	61
6735	57
6736	42
6737	48
6738	55
6739	63
6740	54
6741	56
6742	58
6743	50
6744	50
6745	56
6746	69
6747	66
6748	54
6749	51
6750	61
6751	58
6752	55
6753	60
6754	62
6755	67
6756	58
6757	60
6758	47
6759	55
6760	57
6761	72
6762	61
6763	54
6764	37
6765	61
6766	72
6767	59
6768	62
6769	79
6770	48
6771	58
6772	70
6773	55
6774	57
6775	56
6776	75
6777	72
6778	58
6779	53
6780	76
6781	75
6782	60
6783	70
6784	74
6785	63
6786	71
6787	77
6788	61
6789	69
6790	62
6791	66
6792	69
6793	61
6794	72
6795	91
6796	69
6797	67
6798	75
6799	79
6800	51
6801	75
6802	79
6803	66
6804	63
6805	62
6806	66
6807	59
6808	70
6809	53
6810	71
6811	76
6812	72
6813	78
6814	68
6815	86
6816	58
6817	87
6818	63
6819	79
6820	56
6821	76
6822	67
6823	79
6824	73
6825	68
6826	63
6827	78
6828	76
6829	70
6830	70
6831	88
6832	70
6833	77
6834	81
6835	77
6836	79
6837	56
6838	69
6839	86
6840	71
6841	68
6842	98
6843	89
6844	81
6845	70
6846	74
6847	77
6848	85
6849	79
6850	73
6851	79
6852	77
6853	68
6854	89
6855	94
6856	67
6857	54
6858	66
6859	82
6860	81
6861	62
6862	94
6863	74
6864	86
6865	83
6866	73
6867	67
6868	68
6869	72
6870	87
6871	78
6872	87
6873	65
6874	77
6875	78
6876	91
6877	63
6878	86
6879	94
6880	73
6881	75
6882	73
6883	70
6884	77
6885	72
6886	104
6887	75
6888	91
6889	68
6890	81
6891	94
6892	74
6893	76
6894	73
6895	81
6896	94
6897	78
6898	99
6899	80
6900	90
6901	99
6902	66
6903	93
6904	87
6905	84
6906	85
6907	85
6908	77
6909	82
6910	86
6911	87
6912	93
6913	87
6914	86
6915	87
6916	85
6917	82
6918	76
6919	84
6920	92
6921	88
6922	76
6923	78
6924	64
6925	71
6926	80
6927	99
6928	83
6929	65
6930	91
6931	81
6932	94
6933	96
6934	87
6935	92
6936	78
6937	71
6938	64
6939	82
6940	95
6941	84
6942	101
6943	102
6944	82
6945	76
6946	82
6947	106
6948	84
6949	75
6950	64
6951	88
6952	80
6953	100
6954	78
6955	96
6956	87
6957	86
6958	82
6959	85
6960	95
6961	80
6962	90
6963	79
6964	73
6965	91
6966	88
6967	68
6968	81
6969	80
6970	85
6971	95
6972	88
6973	103
6974	105
6975	73
6976	99
6977	87
6978	91
6979	92
6980	93
6981	92
6982	94
6983	98
6984	80
6985	84
6986	85
6987	87
6988	83
6989	80
6990	79
6991	85
6992	82
6993	84
6994	108
6995	98
6996	73
6997	78
6998	75
6999	79
7000	78
7001	78
7002	88
7003	85
7004	101
7005	95
7006	98
7007	94
7008	95
7009	97
7010	86
7011	91
7012	90
7013	92
7014	71
7015	87
7016	83
7017	66
7018	85
7019	79
7020	94
7021	92
7022	91
7023	88
7024	80
7025	90
7026	85
7027	71
7028	84
7029	73
7030	81
7031	95
7032	89
7033	90
7034	73
7035	85
7036	80
7037	88
7038	91
7039	73
7040	83
7041	87
7042	78
7043	101
7044	89
7045	73
7046	68
7047	87
7048	78
7049	67
7050	74
7051	85
7052	80
7053	81
7054	89
7055	101
7056	102
7057	72
7058	72
7059	72
7060	79
7061	73
7062	86
7063	80
7064	76
7065	88
7066	85
7067	71
7068	80
7069	82
7070	72
7071	79
7072	67
7073	77
7074	70
7075	92
7076	66
7077	84
7078	74
7079	63
7080	72
7081	71
7082	73
7083	59
7084	63
7085	72
7086	86
7087	74
7088	65
7089	65
7090	85
7091	68
7092	72
7093	75
7094	78
7095	78
7096	91
7097	78
7098	66
7099	82
7100	97
7101	76
7102	75
7103	72
7104	62
7105	62
7106	79
7107	82
7108	70
7109	74
7110	73
7111	65
7112	87
7113	66
7114	58
7115	70
7116	69
7117	72
7118	78
7119	72
7120	62
7121	74
7122	60
7123	69
7124	79
7125	56
7126	59
7127	72
7128	67
7129	61
7130	73
7131	69
7132	59
7133	56
7134	70
7135	69
7136	64
7137	71
7138	94
7139	69
7140	75
7141	61
7142	65
7143	71
7144	61
7145	63
7146	69
7147	71
7148	61
7149	45
7150	48
7151	62
7152	54
7153	54
7154	61
7155	79
7156	57
7157	51
7158	64
7159	55
7160	52
7161	58
7162	59
7163	55
7164	53
7165	74
7166	64
7167	72
7168	61
7169	55
7170	70
7171	51
7172	61
7173	61
7174	68
7175	52
7176	63
7177	55
7178	69
7179	75
7180	65
7181	48
7182	55
7183	56
7184	42
7185	50
7186	63
7187	55
7188	54
7189	61
7190	55
7191	49
7192	47
7193	48
7194	43
7195	63
7196	51
7197	54
7198	50
7199	50
7200	48
7201	37
7202	57
7203	54
7204	55
7205	51
7206	45
7207	50
7208	52
7209	51
7210	38
7211	67
7212	42
7213	51
7214	49
7215	50
7216	51
7217	44
7218	42
7219	54
7220	52
7221	49
7222	54
7223	36
7224	45
7225	47
7226	43
7227	45
7228	40
7229	37
7230	40
7231	48
7232	40
7233	54
7234	45
7235	46
7236	53
7237	34
7238	33
7239	36
7240	38
7241	29
7242	44
7243	49
7244	39
7245	41
7246	41
7247	38
7248	32
7249	42
7250	36
7251	44
7252	40
7253	41
7254	42
7255	30
7256	26
7257	32
7258	32
7259	33
7260	36
7261	49
7262	37
7263	35
7264	37
7265	38
7266	52
7267	28
7268	43
7269	29
7270	44
7271	33
7272	43
7273	32
7274	31
7275	46
7276	43
7277	33
7278	41
7279	30
7280	35
7281	34
7282	39
7283	40
7284	41
7285	30
7286	27
7287	36
7288	39
7289	27
7290	47
7291	30
7292	24
7293	29
7294	39
7295	28
7296	37
7297	30
7298	34
7299	21
7300	29
7301	29
7302	28
7303	31
7304	25
7305	25
7306	31
7307	31
7308	28
7309	32
7310	29
7311	26
7312	29
7313	33
7314	24
7315	39
7316	29
7317	28
7318	29
7319	38
7320	30
7321	28
7322	29
7323	25
7324	26
7325	27
7326	34
7327	25
7328	31
7329	25
7330	27
7331	25
7332	21
7333	18
7334	22
7335	28
7336	15
7337	23
7338	29
7339	23
7340	19
7341	25
7342	14
7343	26
7344	21
7345	29
7346	16
7347	31
7348	22
7349	27
7350	25
7351	17
7352	18
7353	22
7354	22
7355	23
7356	20
7357	17
7358	16
7359	15
7360	12
7361	16
7362	19
7363	10
7364	13
7365	24
7366	16
7367	21
7368	24
7369	19
7370	19
7371	14
7372	20
7373	15
7374	19
7375	19
7376	14
7377	16
7378	19
7379	25
7380	14
7381	18
7382	17
7383	12
7384	32
7385	21
7386	17
7387	16
7388	19
7389	17
7390	18
7391	19
7392	18
7393	14
7394	15
7395	14
7396	26
7397	15
7398	17
7399	11
7400	14
7401	17
7402	7
7403	9
7404	15
7405	18
7406	20
7407	23
7408	11
7409	11
7410	11
7411	17
7412	15
7413	13
7414	15
7415	10
7416	23
7417	13
7418	18
7419	16
7420	10
7421	17
7422	16
7423	11
7424	14
7425	15
7426	10
7427	14
7428	13
7429	17
7430	15
7431	10
7432	11
7433	11
7434	18
7435	10
7436	10
7437	12
7438	9
7439	13
7440	2
7441	9
7442	13
7443	10
7444	13
7445	14
7446	20
7447	15
7448	8
7449	7
7450	14
7451	11
7452	10
7453	6
7454	19
7455	8
7456	6
7457	9
7458	11
7459	9
7460	4
7461	10
7462	17
7463	10
7464	6
7465	11
7466	9
7467	11
7468	12
7469	9
7470	6
7471	11
7472	8
7473	15
7474	6
7475	13
7476	10
7477	11
7478	7
7479	8
7480	15
7481	11
7482	7
7483	8
7484	13
7485	11
7486	9
7487	12
7488	5
7489	7
7490	8
7491	13
7492	9
7493	8
7494	6
7495	13
7496	9
7497	11
7498	10
7499	12
7500	6
7501	8
7502	2
7503	6
7504	7
7505	9
7506	4
7507	7
7508	11
7509	2
7510	7
7511	7
7512	11
7513	6
7514	7
7515	5
7516	6
7517	7
7518	11
7519	9
7520	13
7521	3
7522	7
7523	6
7524	7
7525	9
7526	3
7527	3
7528	7
7529	10
7530	7
7531	5
7532	10
7533	6
7534	8
7535	7
7536	4
7537	9
7538	5
7539	8
7540	10
7541	10
7542	6
7543	6
7544	3
7545	4
7546	5
7547	5
7548	9
7549	4
7550	7
7551	4
7552	7
7553	5
7554	9
7555	13
7556	7
7557	7
7558	4
7559	5
7560	2
7561	2
7562	3
7563	3
7564	3
7565	5
7566	7
7567	8
7568	6
7569	5
7570	7
7571	3
7572	4
7573	2
7574	5
7575	4
7576	4
7577	6
7578	5
7579	7
7580	6
7581	4
7582	4
7583	4
7584	8
7585	5
7586	5
7587	6
7588	5
7589	7
7590	2
7591	4
7592	4
7593	5
7594	8
7595	4
7596	7
7597	6
7598	3
7599	2
7600	4
7601	1
7602	5
7603	7
7604	5
7605	2
7606	4
7607	4
7608	7
7609	5
7610	8
7611	2
7612	2
7613	4
7614	9
7615	4
7616	3
7617	1
7618	5
7619	4
7620	7
7621	6
7622	4
7623	1
7624	5
7625	0
7626	4
7627	7
7628	8
7629	3
7630	3
7631	5
7632	4
7633	6
7634	3
7635	5
7636	6
7637	2
7638	6
7639	3
7640	0
7641	4
7642	5
7643	5
7644	7
7645	3
7646	4
7647	5
7648	3
7649	5
7650	2
7651	4
7652	4
7653	3
7654	3
7655	2
7656	3
7657	5
7658	7
7659	3
7660	1
7661	4
7662	5
7663	4
7664	0
7665	2
7666	4
7667	5
7668	1
7669	9
7670	5
7671	3
7672	7
7673	5
7674	2
7675	4
7676	4
7677	2
7678	3
7679	2
7680	7
7681	1
7682	7
7683	3
7684	5
7685	4
7686	6
7687	3
7688	3
7689	4
7690	3
7691	7
7692	3
7693	2
7694	5
7695	5
7696	6
7697	2
7698	5
7699	5
7700	0
7701	2
7702	4
7703	3
7704	4
7705	9
7706	8
7707	2
7708	1
7709	4
7710	7
7711	8
7712	2
7713	5
7714	7
7715	6
7716	0
7717	3
7718	6
7719	4
7720	1
7721	2
7722	4
7723	7
7724	4
7725	8
7726	0
7727	4
7728	4
7729	6
7730	3
7731	7
7732	2
7733	4
7734	5
7735	3
7736	3
7737	3
7738	2
7739	1
7740	6
7741	4
7742	5
7743	4
7744	5
7745	2
7746	2
7747	4
7748	3
7749	1
7750	3
7751	5
7752	5
7753	3
7754	2
7755	4
7756	1
7757	3
7758	2
7759	5
7760	3
7761	6
7762	7
7763	3
7764	3
7765	5
7766	6
7767	3
7768	2
7769	3
7770	6
7771	4
7772	3
7773	3
7774	1
7775	5
7776	4
7777	9
7778	4
7779	0
7780	2
7781	7
7782	2
7783	4
7784	2
7785	3
7786	6
7787	3
7788	7
7789	3
7790	4
7791	1
7792	4
7793	4
7794	6
7795	4
7796	5
7797	2
7798	3
7799	4
7800	2
7801	1
7802	5
7803	3
7804	2
7805	3
7806	5
7807	2
7808	4
7809	5
7810	2
7811	5
7812	7
7813	3
7814	2
7815	4
7816	3
7817	6
7818	4
7819	8
7820	4
7821	3
7822	6
7823	4
7824	6
7825	5
7826	4
7827	4
7828	2
7829	10
7830	3
7831	3
7832	3
7833	2
7834	3
7835	2
7836	2
7837	9
7838	3
7839	4
7840	6
7841	2
7842	5
7843	1
7844	7
7845	4
7846	6
7847	7
7848	2
7849	5
7850	2
7851	3
7852	4
7853	4
7854	3
7855	1
7856	3
7857	8
7858	4
7859	5
7860	3
7861	1
7862	7
7863	8
7864	1
7865	4
7866	3
7867	4
7868	4
7869	8
7870	4
7871	4
7872	4
7873	0
7874	4
7875	2
7876	2
7877	2
7878	6
7879	5
7880	3
7881	5
7882	2
7883	2
7884	5
7885	5
7886	5
7887	3
7888	4
7889	3
7890	0
7891	5
7892	4
7893	0
7894	6
7895	3
7896	3
7897	1
7898	4
7899	5
7900	4
7901	6
7902	7
7903	0
7904	4
7905	3
7906	5
7907	1
7908	3
7909	3
7910	3
7911	1
7912	3
7913	5
7914	2
7915	2
7916	4
7917	2
7918	3
7919	5
7920	2
7921	4
7922	2
7923	4
7924	1
7925	6
7926	5
7927	0
7928	2
7929	3
7930	4
7931	2
7932	4
7933	3
7934	4
7935	3
7936	4
7937	1
7938	3
7939	7
7940	1
7941	6
7942	6
7943	4
7944	1
7945	4
7946	5
7947	5
7948	3
7949	4
7950	5
7951	1
7952	5
7953	2
7954	5
7955	4
7956	6
7957	2
7958	3
7959	2
7960	3
7961	4
7962	5
7963	5
7964	2
7965	1
7966	7
7967	5
7968	5
7969	4
7970	3
7971	8
7972	0
7973	3
7974	2
7975	5
7976	3
7977	4
7978	7
7979	2
7980	5
7981	6
7982	4
7983	2
7984	4
7985	2
7986	2
7987	5
7988	3
7989	3
7990	4
7991	3
7992	4
7993	6
7994	3
7995	2
7996	1
7997	3
7998	6
7999	4
8000	4
8001	3
8002	5
8003	2
8004	4
8005	3
8006	3
8007	9
8008	1
8009	2
8010	6
8011	0
8012	7
8013	2
8014	6
8015	4
8016	5
8017	4
8018	7
8019	5
8020	3
8021	5
8022	3
8023	6
8024	6
8025	4
8026	1
8027	5
8028	7
8029	4
8030	2
8031	4
8032	3
8033	1
8034	4
8035	4
8036	4
8037	4
8038	6
8039	3
8040	4
8041	2
8042	3
8043	6
8044	5
8045	5
8046	5
8047	7
8048	5
8049	3
8050	5
8051	4
8052	5
8053	3
8054	2
8055	1
8056	5
8057	3
8058	5
8059	2
8060	3
8061	5
8062	4
8063	2
8064	5
8065	4
8066	4
8067	4
8068	3
8069	1
8070	9
8071	5
8072	6
8073	7
8074	3
8075	1
8076	3
8077	5
8078	2
8079	5
8080	3
8081	2
8082	0
8083	2
8084	6
8085	8
8086	4
8087	3
8088	3
8089	4
8090	6
8091	3
8092	4
8093	1
8094	3
8095	3
8096	6
8097	5
8098	1
8099	3
8100	2
8101	3
8102	3
8103	4
8104	4
8105	5
8106	3
8107	1
8108	3
8109	2
8110	1
8111	7
8112	4
8113	2
8114	0
8115	0
8116	0
8117	0
8118	0
8119	0
8120	0
8121	0
8122	0
8123	0
8124	0
8125	0
8126	0
8127	0
8128	0
8129	0
8130	0
8131	0
8132	0
8133	0
8134	0
8135	0
8136	0
8137	0
8138	0
8139	0
8140	0
8141	0
8142	0
8143	0
8144	0
8145	0
8146	0
8147	0
8148	0
8149	0
8150	0
8151	0
8152	0
8153	0
8154	0
8155	0
8156	0
8157	0
8158	0
8159	0
8160	0
8161	0
8162	0
8163	0
8164	0
8165	0
8166	0
8167	0
8168	0
8169	0
8170	0
8171	0
8172	0
8173	0
8174	0
8175	0
8176	0
8177	0
8178	0
8179	0
8180	0
8181	0
8182	0
8183	0
8184	0
8185	0
8186	0
8187	0
8188	0
8189	0
8190	0
8191	0
