121.8   1139.4246780850856  0.04071331590414898 2.3773064061051796  0.003928172670894204
244.7   2290.35214530462    0.10509816826958493 2.4121031569173184  0.010765356494712318
344.3   3222.9872827023723  0.05743475553027080 2.4638918846981777  0.005358797173521665
411.1   3848.870291402687   0.2937719991647097  2.498201019105459   0.03177444363456976
444.0   4156.533895737971   0.22765098740348413 2.4078039612576503  0.023923071066753804
778.9   7293.046979129742   0.1300319471160998  2.575335928452481   0.012713806698797911
867.4   8121.615044500664   0.27582501708362706 2.6739524752566     0.028876189403015787
964.1   9027.505477457406   0.1292773054926862  2.663226381058626   0.01232196603939925
1085.8  10171.303850127031  0.19547927433681017 3.3209921469584356  0.019866862519205053
1112.1  10413.044537515458  0.14061115882572725 3.1185724666518606  0.013176230159386472
1408.0  13187.532670319724  0.10161565434294256 1.7219710707389582  0.003427096507430477